Time_ms,Volt,Enepaq_T,Ambient_T,UPS_V,Module_V
18640974,1.9037,21.35,21.00,3.49,4.16
18641468,1.8987,21.77,21.00,3.46,4.16
18641968,1.9013,21.56,21.00,3.46,4.16
18642468,1.9013,21.56,21.00,3.46,4.16
18642969,1.8975,21.87,21.00,3.46,4.16
18643468,1.8987,21.77,21.00,3.48,4.16
18643969,1.9000,21.67,21.00,3.48,4.16
18644469,1.9025,21.46,21.00,3.48,4.16
18644969,1.9013,21.56,21.00,3.48,4.16
18645469,1.8975,21.87,21.00,3.48,4.16
18645969,1.8963,21.98,21.00,3.48,4.16
18646468,1.9013,21.56,20.75,3.48,4.16
18646969,1.9000,21.59,20.75,3.48,4.16
18647469,1.9013,21.56,20.75,3.48,4.16
18647969,1.9000,21.67,20.75,3.48,4.16
18648468,1.9025,21.46,21.00,3.48,4.16
18648969,1.8987,21.77,21.00,3.48,4.16
18649469,1.9013,21.56,21.00,3.48,4.16
18649969,1.8987,21.77,21.00,3.48,4.16
18650468,1.9000,21.67,21.00,3.48,4.16
18650969,1.9000,21.67,19.75,3.48,4.16
18651469,1.9013,21.56,19.75,3.48,4.16
18651969,1.9013,21.56,19.75,3.48,4.16
18652469,1.9025,21.46,19.75,3.48,4.16
18652969,1.8963,21.98,21.25,3.48,4.16
18653469,1.9013,21.56,21.25,3.48,4.16
18653969,1.8987,21.77,21.25,3.48,4.16
18654468,1.9025,21.46,21.25,3.48,4.16
18654969,1.8987,21.77,21.00,3.48,4.16
18655468,1.8937,22.19,21.00,3.48,4.16
18655969,1.9013,21.56,21.00,3.48,4.16
18656468,1.8987,21.77,21.00,3.48,4.16
18656969,1.8987,21.77,20.75,3.48,4.16
18657468,1.9013,21.56,20.75,3.48,4.16
18657969,1.8987,21.77,20.75,3.48,4.16
18658469,1.9013,21.56,20.75,3.48,4.16
18658969,1.8987,21.77,21.00,3.48,4.16
18659476,1.9013,21.56,21.00,3.48,4.16
18659976,1.9013,21.56,21.00,3.48,4.16
18660475,1.9013,21.56,21.00,3.48,4.16
18660977,1.8987,21.77,21.00,3.48,4.16
18661475,1.9013,21.72,19.50,3.48,4.16
18661976,1.8987,21.77,19.50,3.48,4.16
18662475,1.9025,21.46,19.50,3.48,4.16
18662976,1.9000,21.67,19.50,3.48,4.16
18663475,1.9013,21.56,20.75,3.48,4.16
18663976,1.9013,21.56,20.75,3.48,4.16
18664475,1.8963,21.98,20.75,3.48,4.16
18664976,1.9000,21.67,20.75,3.48,4.16
18665493,1.9013,21.56,21.25,3.48,4.16
18665993,1.8950,22.08,21.25,3.48,4.16
18666492,1.9000,21.67,21.25,3.48,4.16
18666993,1.9000,21.67,21.25,3.48,4.16
18667493,1.9013,21.56,21.00,3.48,4.16
18667993,1.9013,21.56,21.00,3.48,4.16
18668492,1.9013,21.56,21.00,3.48,4.16
18668993,1.8987,21.77,21.00,3.48,4.16
18669492,1.9013,21.56,21.00,3.48,4.16
18669993,1.8987,21.77,21.00,3.46,4.16
18670492,1.9013,21.56,21.00,3.46,4.16
18670993,1.8975,21.87,21.00,3.46,4.16
18671492,1.9013,21.56,21.00,3.46,4.16
18671993,1.9013,21.56,19.75,3.48,4.16
18672492,1.9013,21.56,19.75,3.48,4.16
18672993,1.8987,21.77,19.75,3.48,4.16
18673492,1.9013,21.56,19.75,3.48,4.16
18673993,1.8987,21.84,20.75,3.46,4.16
18674492,1.9013,21.56,20.75,3.46,4.16
18674993,1.9000,21.67,20.75,3.46,4.16
18675492,1.9013,21.56,20.75,3.46,4.16
18675993,1.8987,21.77,21.00,3.48,4.16
18676492,1.9013,21.56,21.00,3.48,4.16
18676993,1.8975,21.87,21.00,3.48,4.16
18677493,1.9013,21.56,21.00,3.48,4.16
18677993,1.8987,21.77,21.00,3.46,4.16
18678493,1.9000,21.67,21.00,3.46,4.16
18678993,1.9000,21.67,21.00,3.46,4.16
18679493,1.9013,21.56,21.00,3.46,4.16
18679993,1.8987,21.77,21.00,3.45,4.16
18680492,1.9000,21.67,21.00,3.45,4.16
18680993,1.8950,22.08,21.00,3.45,4.16
18681493,1.9013,21.56,21.00,3.45,4.16
18681993,1.8975,21.87,21.00,3.48,4.16
18682492,1.9013,21.56,21.50,3.48,4.16
18682993,1.8963,21.98,21.50,3.48,4.16
18683492,1.9013,21.56,21.50,3.48,4.16
18683993,1.8987,21.77,21.50,3.48,4.16
18684492,1.9000,21.67,21.00,3.48,4.16
18684993,1.8975,21.87,21.00,3.48,4.16
18685492,1.9013,21.56,21.00,3.48,4.16
18685992,1.8987,21.77,21.00,3.48,4.16
18686493,1.8987,21.77,21.25,3.48,4.16
18686993,1.9013,21.56,21.25,3.48,4.16
18687492,1.9000,21.67,21.25,3.48,4.16
18687993,1.8975,21.87,21.25,3.48,4.16
18688492,1.9000,21.67,21.00,3.48,4.16
18688993,1.8987,21.77,21.00,3.48,4.16
18689493,1.9013,21.56,21.00,3.48,4.16
18689993,1.8987,21.77,21.00,3.46,4.16
18690493,1.9000,21.77,21.00,3.46,4.16
18690993,1.8975,21.87,19.50,3.46,4.16
18691492,1.9000,21.67,19.50,3.46,4.16
18691994,1.8987,21.77,19.50,3.48,4.16
18692492,1.9013,21.56,19.50,3.48,4.16
18692993,1.8975,21.87,20.75,3.48,4.16
18693493,1.9000,21.67,20.75,3.48,4.16
18694003,1.9000,21.67,20.75,3.48,4.16
18694502,1.9013,21.56,20.75,3.48,4.16
18695003,1.8950,22.08,21.25,3.48,4.16
18695502,1.9000,21.67,21.25,3.48,4.16
18696003,1.8963,21.98,21.25,3.48,4.16
18696502,1.9000,21.67,21.25,3.46,4.15
18697003,1.8975,21.87,21.00,3.46,4.15
18697502,1.9013,21.56,21.00,3.46,4.15
18698003,1.9000,21.67,21.00,3.46,4.15
18698503,1.9013,21.56,21.00,3.48,3.96
18699003,1.9000,21.67,21.00,3.48,3.96
18699502,1.9000,21.67,19.75,3.48,3.96
18700003,1.8975,21.87,19.75,3.48,3.96
18700502,1.9013,21.56,19.75,3.48,3.93
18701001,1.8975,21.87,19.75,3.48,3.93
18701502,1.8963,21.98,20.25,3.48,3.93
18702003,1.8925,22.29,20.25,3.48,3.93
18702503,1.9000,21.67,20.25,3.48,3.92
18703003,1.8937,22.19,20.25,3.48,3.92
18703503,1.9000,21.67,19.25,3.48,3.92
18704003,1.8950,22.08,19.25,3.48,3.92
18704503,1.9000,21.67,19.25,3.48,3.91
18705003,1.9000,21.72,19.25,3.48,3.91
18705502,1.8987,21.77,21.00,3.48,3.91
18706003,1.9000,21.67,21.00,3.48,3.91
18706503,1.8987,21.77,21.00,3.48,3.90
18707003,1.8975,21.87,21.00,3.48,3.90
18707502,1.8987,21.77,21.25,3.48,3.90
18708003,1.8950,22.08,21.25,3.48,3.90
18708502,1.8987,21.77,21.25,3.48,3.90
18709003,1.8987,21.77,21.25,3.48,3.90
18709502,1.8987,21.77,21.25,3.48,3.90
18710003,1.8937,22.19,19.75,3.48,3.90
18710503,1.8987,21.77,19.75,3.48,3.89
18711003,1.8950,22.08,19.75,3.48,3.89
18711503,1.8950,22.08,19.75,3.48,3.89
18712003,1.8950,22.08,21.00,3.48,3.89
18712502,1.8987,21.77,21.00,3.48,3.88
18713003,1.8987,21.77,21.00,3.48,3.88
18713502,1.8975,21.87,21.00,3.48,3.88
18714003,1.8987,21.77,21.00,3.48,3.88
18714502,1.8950,22.08,21.00,3.48,3.88
18715007,1.8925,22.29,21.00,3.48,3.88
18715503,1.8900,22.50,21.00,3.48,3.88
18716003,1.8937,22.19,21.00,3.48,3.88
18716502,1.8950,22.08,21.00,3.48,3.87
18717003,1.8937,22.19,21.00,3.48,3.87
18717502,1.8963,21.98,21.00,3.48,3.87
18718003,1.8975,21.87,21.00,3.48,3.87
18718502,1.8975,21.87,21.00,3.48,3.87
18719003,1.8950,22.08,21.00,3.48,3.87
18719502,1.8925,22.01,21.00,3.48,3.87
18720003,1.8925,22.29,21.00,3.48,3.87
18720503,1.8963,21.98,19.75,3.48,3.87
18721003,1.8963,21.98,19.75,3.48,3.87
18721505,1.8950,22.53,19.75,3.48,3.87
18722005,1.8963,21.98,19.75,3.48,3.87
18722513,1.8900,22.50,21.25,3.48,3.86
18723013,1.8937,22.19,21.25,3.48,3.86
18723512,1.8963,21.98,21.25,3.48,3.86
18724013,1.8925,22.29,21.25,3.48,3.86
18724512,1.8963,21.98,20.75,3.48,3.86
18725013,1.8950,22.08,20.75,3.44,3.86
18725512,1.8963,21.98,20.75,3.44,3.86
18726013,1.8963,21.98,20.75,3.44,3.86
18726512,1.8937,22.19,21.25,3.44,3.86
18727013,1.8913,22.40,21.25,3.48,3.86
18727512,1.8925,22.29,21.25,3.48,3.86
18728013,1.8925,22.29,21.25,3.48,3.86
18728513,1.8950,22.08,21.00,3.48,3.86
18729013,1.8937,22.19,21.00,3.48,3.86
18729512,1.8950,22.08,21.00,3.48,3.86
18730013,1.8950,22.08,21.00,3.48,3.86
18730512,1.8937,22.19,21.00,3.48,3.86
18731013,1.8925,22.29,20.00,3.46,3.85
18731512,1.8950,22.08,20.00,3.46,3.85
18732013,1.8887,22.60,20.00,3.46,3.85
18732512,1.8937,22.19,20.00,3.46,3.85
18733013,1.8900,22.50,20.50,3.48,3.85
18733512,1.8950,22.08,20.50,3.48,3.85
18734013,1.8913,22.26,20.50,3.48,3.85
18734513,1.8937,22.19,20.50,3.48,3.85
18735013,1.8913,22.40,21.25,3.48,3.85
18735512,1.8937,22.19,21.25,3.48,3.85
18736013,1.8925,22.29,21.25,3.48,3.85
18736512,1.8925,22.29,21.25,3.48,3.85
18737013,1.8913,22.40,21.25,3.46,3.85
18737512,1.8937,22.19,21.25,3.46,3.85
18738013,1.8913,22.40,21.25,3.46,3.85
18738512,1.8937,22.19,21.25,3.46,3.85
18739013,1.8900,22.50,21.25,3.48,3.85
18739512,1.8937,22.19,21.25,3.48,3.85
18740013,1.8925,22.29,21.25,3.48,3.85
18740512,1.8925,22.29,21.25,3.48,3.85
18741013,1.8875,22.71,21.25,3.48,3.84
18741512,1.8925,22.29,19.75,3.48,3.84
18742013,1.8900,22.50,19.75,3.48,3.84
18742512,1.8900,22.50,19.75,3.48,3.84
18743013,1.8900,22.50,19.75,3.48,3.84
18743512,1.8913,22.40,21.00,3.48,3.84
18744013,1.8913,22.40,21.00,3.48,3.84
18744516,1.8925,22.29,21.00,3.48,3.84
18745017,1.8900,22.50,21.00,3.48,3.84
18745516,1.8925,22.29,20.75,3.48,3.84
18746017,1.8887,22.60,20.75,3.48,3.84
18746516,1.8913,22.40,20.75,3.48,3.84
18747017,1.8863,22.81,20.75,3.48,3.84
18747516,1.8925,22.29,21.25,3.48,3.84
18748017,1.8900,22.50,21.25,3.48,3.84
18748522,1.8925,22.39,21.25,3.48,3.84
18749017,1.8887,22.60,21.25,3.48,3.84
18749517,1.8887,22.60,21.00,3.48,3.84
18750017,1.8887,22.60,21.00,3.48,3.84
18750516,1.8913,22.40,21.00,3.48,3.84
18751017,1.8887,22.60,21.00,3.48,3.84
18751516,1.8913,22.40,21.00,3.48,3.84
18752017,1.8887,22.60,20.00,3.48,3.84
18752516,1.8913,22.40,20.00,3.48,3.84
18753017,1.8913,22.40,20.00,3.48,3.84
18753516,1.8913,22.40,20.00,3.48,3.84
18754017,1.8887,22.60,21.00,3.48,3.84
18754516,1.8913,22.40,21.00,3.48,3.84
18755026,1.8875,22.71,21.00,3.48,3.84
18755524,1.8887,22.60,21.00,3.48,3.84
18756025,1.8887,22.60,20.75,3.48,3.84
18756525,1.8900,22.50,20.75,3.48,3.84
18757025,1.8813,23.23,20.75,3.48,3.84
18757524,1.8850,22.92,20.75,3.45,3.84
18758025,1.8875,22.71,21.00,3.45,3.84
18758524,1.8850,22.92,21.00,3.45,3.84
18759025,1.8875,22.71,21.00,3.45,3.84
18759525,1.8875,22.71,21.00,3.47,3.83
18760025,1.8875,22.71,21.00,3.47,3.83
18760525,1.8837,23.02,20.00,3.47,3.83
18761025,1.8887,22.60,20.00,3.47,3.83
18761525,1.8863,22.81,20.00,3.47,3.83
18762025,1.8825,23.12,20.00,3.47,3.83
18762524,1.8863,22.81,20.75,3.47,3.83
18763025,1.8875,23.06,20.75,3.47,3.83
18763525,1.8837,23.02,20.75,3.48,3.83
18764025,1.8863,22.81,20.75,3.48,3.83
18764530,1.8875,22.71,21.00,3.48,3.83
18765024,1.8825,23.12,21.00,3.48,3.83
18765525,1.8863,22.81,21.00,3.47,3.83
18766025,1.8837,23.02,21.00,3.47,3.83
18766525,1.8850,22.92,21.25,3.47,3.83
18767025,1.8863,22.81,21.25,3.47,3.83
18767525,1.8837,23.02,21.25,3.47,3.83
18768025,1.8850,22.92,21.25,3.47,3.83
18768525,1.8863,22.81,21.25,3.47,3.83
18769025,1.8850,22.92,21.25,3.47,3.83
18769525,1.8863,22.81,21.25,3.48,3.83
18770025,1.8837,23.02,21.25,3.48,3.83
18770525,1.8837,23.02,21.25,3.48,3.83
18771025,1.8837,23.02,19.50,3.48,3.83
18771525,1.8850,22.92,19.50,3.47,3.83
18772025,1.8825,23.12,19.50,3.47,3.83
18772524,1.8837,23.02,19.50,3.47,3.83
18773025,1.8825,23.12,21.00,3.47,3.83
18773531,1.8850,22.92,21.00,3.45,3.83
18774031,1.8787,23.44,21.00,3.45,3.83
18774531,1.8837,23.02,21.00,3.45,3.83
18775031,1.8787,23.44,21.00,3.45,3.83
18775536,1.8825,23.12,21.00,3.45,3.83
18776030,1.8825,23.12,21.00,3.45,3.83
18776530,1.8837,23.02,21.00,3.45,3.83
18777031,1.8825,23.12,20.25,3.45,3.83
18777531,1.8837,23.22,20.25,3.45,3.83
18778031,1.8813,23.23,20.25,3.47,3.83
18778530,1.8825,23.12,20.25,3.47,3.83
18779031,1.8825,23.12,21.25,3.47,3.83
18779531,1.8825,23.14,21.25,3.47,3.83
18780031,1.8813,23.23,21.25,3.47,3.82
18780530,1.8813,23.23,21.25,3.47,3.82
18781031,1.8800,23.33,21.25,3.47,3.82
18781530,1.8825,23.12,20.00,3.47,3.82
18782031,1.8813,23.23,20.00,3.48,3.82
18782530,1.8800,23.33,20.00,3.48,3.82
18783031,1.8775,23.54,20.00,3.48,3.82
18783535,1.8813,23.23,21.00,3.48,3.82
18784030,1.8800,23.33,21.00,3.47,3.82
18784530,1.8800,23.33,21.00,3.47,3.82
18785031,1.8800,23.33,21.00,3.47,3.82
18785531,1.8813,23.23,20.75,3.47,3.82
18786031,1.8800,23.33,20.75,3.45,3.82
18786530,1.8800,23.33,20.75,3.45,3.82
18787031,1.8787,23.44,20.75,3.45,3.82
18787531,1.8800,23.33,20.50,3.45,3.82
18788031,1.8800,23.33,20.50,3.47,3.82
18788535,1.8800,23.33,20.50,3.47,3.82
18789031,1.8787,23.44,20.50,3.47,3.82
18789530,1.8787,23.44,19.50,3.47,3.82
18790031,1.8787,23.44,19.50,3.47,3.82
18790531,1.8787,23.44,19.50,3.47,3.82
18791031,1.8775,23.54,19.50,3.47,3.82
18791531,1.8787,23.44,19.50,3.47,3.82
18792031,1.8787,23.44,19.75,3.45,3.82
18792530,1.8763,23.65,19.75,3.45,3.82
18793031,1.8775,23.54,19.75,3.45,3.82
18793530,1.8775,23.54,19.75,3.45,3.82
18794031,1.8775,23.54,20.75,3.47,3.82
18794530,1.8775,23.54,20.75,3.47,3.82
18795031,1.8775,23.54,20.75,3.47,3.82
18795539,1.8763,23.65,20.75,3.47,3.82
18796039,1.8763,23.65,21.00,3.45,3.82
18796538,1.8775,23.54,21.00,3.45,3.82
18797039,1.8763,23.65,21.00,3.45,3.82
18797538,1.8763,23.65,21.00,3.45,3.82
18798039,1.8750,23.75,20.75,3.47,3.82
18798538,1.8750,23.75,20.75,3.47,3.82
18799039,1.8750,23.75,20.75,3.47,3.82
18799538,1.8763,23.65,20.75,3.47,3.82
18800039,1.8750,23.75,21.25,3.47,3.82
18800539,1.8750,23.75,21.25,3.47,3.82
18801039,1.8750,23.75,21.25,3.47,3.82
18801538,1.8737,23.85,21.25,3.47,3.82
18802052,1.8737,23.85,21.25,3.45,3.82
18802551,1.8737,23.85,20.25,3.45,3.82
18803052,1.8750,23.75,20.25,3.45,3.82
18803551,1.8737,23.85,20.25,3.45,3.82
18804052,1.8737,23.85,20.25,3.45,3.82
18804551,1.8737,23.85,21.00,3.45,3.82
18805052,1.8737,23.85,21.00,3.45,3.82
18805551,1.8750,23.75,21.00,3.45,3.82
18806052,1.8737,23.85,21.00,3.45,3.82
18806552,1.8737,23.85,21.00,3.47,3.82
18807052,1.8737,23.85,21.00,3.47,3.82
18807551,1.8737,23.85,21.00,3.47,3.82
18808052,1.8725,23.96,21.00,3.47,3.82
18808552,1.8725,23.96,21.25,3.45,3.82
18809052,1.8713,24.06,21.25,3.45,3.82
18809551,1.8725,23.96,21.25,3.45,3.82
18810052,1.8725,23.96,21.25,3.45,3.82
18810552,1.8725,23.96,21.25,3.45,3.82
18811052,1.8713,24.06,19.50,3.45,3.82
18811551,1.8725,23.96,19.50,3.45,3.82
18812052,1.8713,24.06,19.50,3.45,3.82
18812551,1.8725,23.96,19.50,3.47,3.82
18813052,1.8713,24.06,20.25,3.47,3.82
18813551,1.8700,24.17,20.25,3.47,3.82
18814052,1.8713,24.06,20.25,3.47,3.82
18814552,1.8713,24.06,20.25,3.47,3.82
18815052,1.8713,24.06,21.00,3.47,3.82
18815551,1.8713,24.06,21.00,3.47,3.82
18816052,1.8700,24.17,21.00,3.47,3.82
18816551,1.8700,24.17,21.00,3.47,3.81
18817052,1.8700,24.17,21.00,3.47,3.81
18817551,1.8700,24.17,21.00,3.47,3.81
18818052,1.8687,24.27,21.00,3.47,3.81
18818557,1.8687,24.27,21.00,3.45,3.81
18819051,1.8700,24.17,21.00,3.45,3.81
18819551,1.8700,24.17,21.00,3.45,3.81
18820052,1.8687,24.27,21.00,3.45,3.81
18820551,1.8700,24.17,21.00,3.47,3.81
18821052,1.8687,24.27,21.00,3.47,3.81
18821551,1.8687,24.27,21.00,3.47,3.81
18822052,1.8687,24.27,21.00,3.47,3.81
18822552,1.8687,24.27,21.00,3.47,3.81
18823052,1.8687,24.31,21.00,3.47,3.81
18823551,1.8687,24.27,21.00,3.47,3.81
18824052,1.8675,24.38,21.00,3.47,3.81
18824556,1.8675,24.38,21.00,3.45,3.81
18825052,1.8675,24.38,21.00,3.45,3.81
18825551,1.8675,24.38,21.00,3.45,3.81
18826052,1.8675,24.38,21.00,3.45,3.81
18826557,1.8675,24.38,21.00,3.47,3.81
18827051,1.8675,24.38,21.00,3.47,3.81
18827552,1.8663,24.48,20.75,3.47,3.81
18828052,1.8663,24.48,20.75,3.47,3.81
18828552,1.8663,24.48,20.75,3.45,3.81
18829050,1.8663,24.48,20.75,3.45,3.81
18829551,1.8663,24.48,20.75,3.45,3.81
18830052,1.8663,24.48,19.25,3.45,3.81
18830568,1.8650,24.58,19.25,3.47,3.81
18831068,1.8650,24.58,19.25,3.47,3.81
18831567,1.8650,24.58,19.25,3.47,3.81
18832068,1.8650,24.58,20.50,3.47,3.81
18832567,1.8650,24.58,20.50,3.47,3.81
18833068,1.8650,24.58,20.50,3.47,3.81
18833568,1.8650,24.58,20.50,3.47,3.81
18834068,1.8650,24.58,20.25,3.47,3.81
18834567,1.8650,24.58,20.25,3.47,3.81
18835067,1.8637,24.69,20.25,3.47,3.81
18835568,1.8637,24.69,20.25,3.47,3.81
18836071,1.8637,24.69,21.25,3.47,3.81
18836570,1.8637,24.69,21.25,3.47,3.81
18837070,1.8637,24.69,21.25,3.45,3.81
18837569,1.8625,24.79,21.25,3.45,3.81
18838070,1.8637,24.69,20.25,3.45,3.81
18838570,1.8625,24.79,20.25,3.45,3.81
18839070,1.8625,24.79,20.25,3.45,3.81
18839570,1.8625,24.79,20.25,3.45,3.81
18840070,1.8625,24.79,20.25,3.45,3.81
18840570,1.8625,24.79,20.25,3.45,3.81
18841070,1.8625,24.79,20.25,3.45,3.81
18841570,1.8625,24.79,20.25,3.45,3.81
18842070,1.8625,24.79,20.25,3.45,3.81
18842569,1.8613,24.90,21.00,3.45,3.81
18843069,1.8613,24.90,21.00,3.47,3.80
18843571,1.8613,24.90,21.00,3.47,3.80
18844069,1.8613,24.90,21.00,3.47,3.80
18844570,1.8613,24.90,20.75,3.47,3.80
18845071,1.8613,24.90,20.75,3.47,3.80
18845570,1.8613,24.90,20.75,3.47,3.80
18846070,1.8600,25.00,20.75,3.47,3.80
18846570,1.8600,25.00,20.75,3.47,3.80
18847070,1.8600,25.00,20.75,3.45,3.80
18847570,1.8600,25.00,20.75,3.45,3.80
18848070,1.8600,25.00,20.75,3.45,3.80
18848570,1.8600,25.00,21.00,3.45,3.80
18849070,1.8600,25.00,21.00,3.44,3.80
18849574,1.8600,25.00,21.00,3.44,3.80
18850069,1.8600,25.00,21.00,3.44,3.80
18850569,1.8587,25.10,21.00,3.44,3.80
18851070,1.8587,25.10,19.00,3.45,3.80
18851570,1.8587,25.10,19.00,3.45,3.80
18852070,1.8587,25.10,19.00,3.45,3.80
18852569,1.8587,25.10,19.00,3.45,3.80
18853070,1.8587,25.10,21.00,3.47,3.80
18853576,1.8575,25.21,21.00,3.47,3.80
18854070,1.8587,25.10,21.00,3.47,3.80
18854569,1.8575,25.21,21.00,3.47,3.80
18855070,1.8575,25.21,20.50,3.47,3.80
18855569,1.8575,25.21,20.50,3.47,3.80
18856070,1.8575,25.21,20.50,3.47,3.80
18856570,1.8575,25.21,20.50,3.47,3.80
18857071,1.8575,25.21,21.00,3.45,3.80
18857570,1.8575,25.21,21.00,3.45,3.80
18858070,1.8563,25.31,21.00,3.45,3.80
18858569,1.8563,25.31,21.00,3.45,3.80
18859087,1.8563,25.31,21.00,3.45,3.80
18859586,1.8563,25.31,21.00,3.45,3.80
18860087,1.8563,25.31,21.00,3.45,3.80
18860586,1.8563,25.31,21.00,3.45,3.80
18861087,1.8563,25.31,21.00,3.45,3.80
18861593,1.8563,25.31,19.75,3.47,3.80
18862086,1.8563,25.31,19.75,3.47,3.80
18862587,1.8550,25.35,19.75,3.47,3.80
18863087,1.8550,25.42,19.75,3.47,3.80
18863587,1.8550,25.42,19.75,3.47,3.80
18864087,1.8550,25.42,19.75,3.47,3.80
18864587,1.8550,25.42,19.75,3.47,3.80
18865087,1.8550,25.42,19.75,3.47,3.80
18865592,1.8550,25.42,20.75,3.47,3.80
18866086,1.8550,25.42,20.75,3.47,3.80
18866586,1.8537,25.52,20.75,3.47,3.80
18867087,1.8537,25.52,20.75,3.47,3.80
18867587,1.8537,25.52,21.25,3.47,3.80
18868087,1.8537,25.52,21.25,3.47,3.80
18868590,1.8537,25.52,21.25,3.47,3.80
18869089,1.8525,25.63,21.25,3.47,3.80
18869589,1.8537,25.52,21.25,3.47,3.80
18870090,1.8537,25.52,20.75,3.47,3.80
18870590,1.8537,25.52,20.75,3.47,3.80
18871090,1.8525,25.63,20.75,3.47,3.80
18871589,1.8525,25.63,20.75,3.47,3.80
18872090,1.8525,25.63,20.75,3.47,3.80
18872590,1.8525,25.63,20.75,3.47,3.80
18873090,1.8525,25.63,20.75,3.47,3.80
18873591,1.8525,25.63,20.75,3.47,3.80
18874089,1.8525,25.63,20.75,3.47,3.80
18874589,1.8525,25.63,20.75,3.47,3.80
18875090,1.8513,25.73,20.75,3.47,3.80
18875589,1.8525,25.63,20.75,3.47,3.79
18876096,1.8513,25.73,20.75,3.47,3.79
18876589,1.8513,25.73,20.75,3.47,3.79
18877089,1.8513,25.73,20.75,3.47,3.79
18877590,1.8513,25.73,20.75,3.47,3.79
18878090,1.8513,25.73,21.25,3.47,3.79
18878589,1.8513,25.73,21.25,3.47,3.79
18879089,1.8513,25.75,21.25,3.47,3.79
18879589,1.8513,25.73,21.25,3.47,3.79
18880090,1.8500,25.83,21.25,3.47,3.79
18880590,1.8500,25.83,19.50,3.47,3.79
18881090,1.8500,25.83,19.50,3.47,3.79
18881589,1.8500,25.83,19.50,3.45,3.79
18882090,1.8500,25.83,19.50,3.45,3.79
18882594,1.8500,25.83,21.00,3.45,3.79
18883091,1.8500,25.83,21.00,3.45,3.79
18883612,1.8500,25.83,21.00,3.47,3.79
18884112,1.8487,25.94,21.00,3.47,3.79
18884612,1.8487,25.94,21.00,3.47,3.79
18885112,1.8487,25.94,21.00,3.47,3.79
18885611,1.8487,25.94,21.00,3.47,3.79
18886113,1.8487,25.94,21.00,3.47,3.79
18886612,1.8487,25.94,21.00,3.47,3.79
18887112,1.8487,25.94,21.00,3.47,3.79
18887611,1.8487,25.94,21.00,3.47,3.79
18888112,1.8475,26.04,21.00,3.45,3.79
18888616,1.8475,26.04,20.50,3.45,3.79
18889111,1.8475,26.04,20.50,3.45,3.79
18889611,1.8475,26.04,20.50,3.45,3.79
18890112,1.8475,26.04,20.50,3.47,3.79
18890611,1.8475,26.04,20.50,3.47,3.79
18891112,1.8475,26.04,19.75,3.47,3.79
18891611,1.8463,26.15,19.75,3.47,3.79
18892112,1.8475,26.04,19.75,3.45,3.79
18892616,1.8475,26.04,19.75,3.45,3.79
18893111,1.8463,26.15,21.00,3.45,3.79
18893612,1.8463,26.15,21.00,3.45,3.79
18894112,1.8463,26.15,21.00,3.45,3.79
18894611,1.8463,26.15,21.00,3.45,3.79
18895112,1.8463,26.15,21.00,3.45,3.79
18895611,1.8463,26.15,21.00,3.45,3.79
18896112,1.8463,26.15,21.00,3.47,3.79
18896618,1.8450,26.25,21.00,3.47,3.79
18897111,1.8450,26.25,20.50,3.47,3.79
18897611,1.8450,26.25,20.50,3.47,3.79
18898112,1.8450,26.25,20.50,3.45,3.78
18898611,1.8450,26.25,20.50,3.45,3.78
18899112,1.8450,26.25,20.00,3.45,3.78
18899611,1.8450,26.25,20.00,3.45,3.78
18900112,1.8450,26.25,20.00,3.47,3.78
18900617,1.8450,26.25,20.00,3.47,3.78
18901112,1.8450,26.25,20.00,3.47,3.78
18901618,1.8438,26.35,19.75,3.47,3.78
18902112,1.8438,26.35,19.75,3.45,3.78
18902611,1.8438,26.35,19.75,3.45,3.78
18903112,1.8438,26.35,19.75,3.45,3.78
18903611,1.8438,26.35,20.75,3.45,3.78
18904118,1.8438,26.35,20.75,3.47,3.78
18904619,1.8438,26.35,20.75,3.47,3.78
18905117,1.8438,26.35,20.75,3.47,3.78
18905617,1.8425,26.46,20.75,3.47,3.78
18906118,1.8425,26.46,20.75,3.47,3.78
18906618,1.8425,26.46,20.75,3.47,3.78
18907118,1.8425,26.46,20.75,3.47,3.78
18907618,1.8425,26.46,20.75,3.47,3.78
18908118,1.8425,26.46,20.75,3.45,3.78
18908617,1.8425,26.46,20.75,3.45,3.78
18909118,1.8425,26.46,20.75,3.45,3.78
18909617,1.8425,26.46,20.50,3.45,3.78
18910118,1.8412,26.56,20.50,3.47,3.78
18910623,1.8412,26.56,20.50,3.47,3.78
18911117,1.8412,26.56,20.50,3.47,3.78
18911618,1.8412,26.56,20.50,3.47,3.78
18912125,1.8412,26.56,19.50,3.47,3.78
18912624,1.8412,26.56,19.50,3.47,3.78
18913125,1.8412,26.56,19.50,3.47,3.78
18913624,1.8412,26.56,19.50,3.47,3.78
18914125,1.8412,26.56,21.00,3.47,3.78
18914625,1.8412,26.56,21.00,3.47,3.78
18915125,1.8400,26.67,21.00,3.47,3.78
18915625,1.8400,26.67,21.00,3.47,3.78
18916125,1.8400,26.67,20.75,3.47,3.78
18916625,1.8400,26.67,20.75,3.45,3.78
18917125,1.8400,26.67,20.75,3.45,3.78
18917625,1.8400,26.67,20.75,3.45,3.78
18918125,1.8400,26.67,21.00,3.45,3.78
18918624,1.8400,26.67,21.00,3.47,3.78
18919125,1.8388,26.77,21.00,3.47,3.78
18919630,1.8388,26.77,21.00,3.47,3.78
18920125,1.8388,26.77,20.50,3.47,3.78
18920625,1.8388,26.77,20.50,3.47,3.78
18921125,1.8388,26.77,20.50,3.47,3.78
18921625,1.8388,26.77,20.50,3.47,3.78
18922124,1.8388,26.77,20.50,3.47,3.78
18922625,1.8388,26.77,19.25,3.47,3.78
18923125,1.8388,26.77,19.25,3.47,3.78
18923625,1.8388,26.77,19.25,3.47,3.78
18924125,1.8375,26.88,19.25,3.47,3.78
18924625,1.8375,26.88,19.75,3.47,3.78
18925125,1.8375,26.88,19.75,3.47,3.78
18925624,1.8375,26.88,19.75,3.47,3.78
18926125,1.8375,26.88,19.75,3.47,3.78
18926625,1.8375,26.88,20.75,3.45,3.77
18927131,1.8375,26.88,20.75,3.45,3.77
18927624,1.8375,26.88,20.75,3.45,3.77
18928125,1.8362,26.98,20.75,3.45,3.77
18928625,1.8362,26.98,21.00,3.47,3.77
18929125,1.8362,26.98,21.00,3.47,3.77
18929624,1.8362,26.98,21.00,3.47,3.77
18930125,1.8362,26.98,21.00,3.47,3.77
18930625,1.8362,26.98,21.00,3.47,3.77
18931125,1.8362,26.98,21.00,3.47,3.77
18931625,1.8362,26.98,21.00,3.47,3.77
18932125,1.8362,26.98,21.00,3.47,3.77
18932630,1.8362,26.98,21.00,3.45,3.77
18933130,1.8350,27.00,18.50,3.45,3.77
18933629,1.8350,27.08,18.50,3.45,3.77
18934129,1.8350,27.08,18.50,3.45,3.77
18934651,1.8350,27.08,18.50,3.45,3.77
18935151,1.8350,27.08,19.75,3.45,3.77
18935651,1.8350,27.08,19.75,3.45,3.77
18936151,1.8350,27.08,19.75,3.45,3.77
18936650,1.8350,27.08,19.75,3.45,3.77
18937151,1.8350,27.08,21.00,3.47,3.77
18937650,1.8350,27.08,21.00,3.47,3.77
18938151,1.8338,27.19,21.00,3.47,3.77
18938650,1.8338,27.19,21.00,3.47,3.77
18939151,1.8338,27.19,21.00,3.47,3.77
18939650,1.8338,27.19,21.00,3.47,3.77
18940151,1.8338,27.19,21.00,3.47,3.77
18940650,1.8338,27.19,21.00,3.47,3.77
18941151,1.8338,27.19,20.75,3.47,3.77
18941650,1.8338,27.19,20.75,3.47,3.77
18942151,1.8338,27.19,20.75,3.47,3.77
18942650,1.8338,27.19,20.75,3.47,3.77
18943151,1.8325,27.29,20.75,3.47,3.77
18943650,1.8325,27.29,20.00,3.47,3.77
18944151,1.8325,27.29,20.00,3.47,3.77
18944651,1.8325,27.29,20.00,3.47,3.77
18945151,1.8325,27.29,20.00,3.45,3.76
18945650,1.8325,27.29,21.00,3.45,3.76
18946151,1.8325,27.29,21.00,3.45,3.76
18946651,1.8325,27.29,21.00,3.45,3.76
18947151,1.8325,27.29,21.00,3.47,3.76
18947651,1.8325,27.29,20.00,3.47,3.76
18948151,1.8325,27.29,20.00,3.47,3.76
18948650,1.8312,27.40,20.00,3.47,3.76
18949151,1.8312,27.40,20.00,3.47,3.76
18949650,1.8312,27.40,21.00,3.47,3.76
18950151,1.8312,27.40,21.00,3.47,3.76
18950651,1.8312,27.40,21.00,3.47,3.76
18951151,1.8312,27.40,21.00,3.47,3.76
18951650,1.8312,27.40,20.75,3.47,3.76
18952151,1.8312,27.40,20.75,3.47,3.76
18952650,1.8312,27.40,20.75,3.47,3.76
18953151,1.8300,27.50,20.75,3.45,3.76
18953650,1.8300,27.50,20.75,3.45,3.76
18954151,1.8300,27.50,19.00,3.45,3.76
18954650,1.8300,27.50,19.00,3.45,3.76
18955151,1.8300,27.50,19.00,3.45,3.76
18955650,1.8300,27.50,19.00,3.45,3.76
18956150,1.8300,27.50,20.75,3.45,3.76
18956650,1.8300,27.50,20.75,3.45,3.76
18957149,1.8300,27.50,20.75,3.45,3.76
18957650,1.8300,27.50,20.75,3.45,3.76
18958150,1.8300,27.50,20.50,3.45,3.76
18958651,1.8288,27.60,20.50,3.45,3.76
18959155,1.8288,27.60,20.50,3.45,3.76
18959650,1.8288,27.60,20.50,3.45,3.76
18960151,1.8288,27.60,20.75,3.45,3.76
18960650,1.8288,27.60,20.75,3.45,3.76
18961157,1.8288,27.60,20.75,3.45,3.76
18961656,1.8288,27.60,20.75,3.45,3.76
18962157,1.8288,27.60,20.75,3.45,3.76
18962657,1.8288,27.60,20.75,3.45,3.76
18963178,1.8275,27.71,20.75,3.45,3.76
18963678,1.8275,27.71,20.75,3.45,3.76
18964178,1.8275,27.71,20.75,3.45,3.76
18964678,1.8275,27.71,20.25,3.45,3.76
18965178,1.8275,27.71,20.25,3.45,3.76
18965678,1.8275,27.71,20.25,3.47,3.76
18966178,1.8275,27.71,20.25,3.47,3.76
18966678,1.8275,27.71,19.75,3.47,3.76
18967178,1.8275,27.71,19.75,3.47,3.76
18967678,1.8275,27.71,19.75,3.45,3.76
18968184,1.8275,27.71,19.75,3.45,3.76
18968678,1.8262,27.81,21.00,3.45,3.76
18969178,1.8262,27.81,21.00,3.45,3.76
18969678,1.8262,27.81,21.00,3.47,3.76
18970178,1.8262,27.81,21.00,3.47,3.76
18970677,1.8262,27.81,20.75,3.47,3.76
18971178,1.8262,27.81,20.75,3.47,3.76
18971678,1.8262,27.81,20.75,3.47,3.75
18972178,1.8262,27.81,20.75,3.47,3.75
18972677,1.8262,27.81,20.25,3.47,3.75
18973178,1.8262,27.81,20.25,3.47,3.75
18973677,1.8262,27.81,20.25,3.47,3.75
18974178,1.8250,27.92,20.25,3.47,3.75
18974678,1.8250,27.92,20.25,3.47,3.75
18975178,1.8250,27.92,19.25,3.47,3.75
18975678,1.8250,27.92,19.25,3.47,3.75
18976178,1.8250,27.92,19.25,3.47,3.75
18976677,1.8250,27.92,19.25,3.47,3.75
18977178,1.8250,27.92,21.00,3.47,3.75
18977677,1.8250,27.92,21.00,3.47,3.75
18978178,1.8250,27.92,21.00,3.47,3.75
18978677,1.8250,27.92,21.00,3.47,3.75
18979179,1.8250,27.92,21.00,3.47,3.75
18979677,1.8250,27.92,21.00,3.47,3.75
18980179,1.8238,28.02,21.00,3.47,3.75
18980678,1.8238,28.02,21.00,3.47,3.75
18981178,1.8238,28.02,20.75,3.47,3.75
18981678,1.8238,28.02,20.75,3.47,3.75
18982178,1.8238,28.02,20.75,3.47,3.75
18982677,1.8238,28.02,20.75,3.47,3.75
18983178,1.8238,28.02,20.50,3.47,3.75
18983677,1.8238,28.02,20.50,3.44,3.75
18984177,1.8238,28.02,20.50,3.44,3.75
18984677,1.8238,28.02,20.50,3.44,3.75
18985177,1.8238,28.02,20.50,3.44,3.75
18985678,1.8225,28.12,19.50,3.47,3.75
18986178,1.8225,28.12,19.50,3.47,3.75
18986678,1.8225,28.12,19.50,3.47,3.75
18987177,1.8225,28.12,19.50,3.47,3.75
18987678,1.8225,28.12,20.25,3.45,3.74
18988177,1.8225,28.12,20.25,3.45,3.74
18988677,1.8225,28.12,20.25,3.45,3.74
18989178,1.8225,28.12,20.25,3.45,3.74
18989678,1.8225,28.12,20.75,3.47,3.74
18990177,1.8212,28.23,20.75,3.47,3.74
18990684,1.8212,28.23,20.75,3.47,3.74
18991183,1.8212,28.23,20.75,3.47,3.74
18991694,1.8212,28.23,20.75,3.45,3.74
18992193,1.8212,28.23,20.75,3.45,3.74
18992693,1.8212,28.23,20.75,3.45,3.74
18993194,1.8212,28.23,20.75,3.45,3.74
18993693,1.8212,28.23,20.75,3.45,3.74
18994194,1.8212,28.23,20.00,3.44,3.74
18994693,1.8212,28.23,20.00,3.44,3.74
18995193,1.8212,28.23,20.00,3.44,3.74
18995693,1.8200,28.33,20.00,3.44,3.74
18996194,1.8200,28.33,19.75,3.47,3.74
18996693,1.8200,28.33,19.75,3.47,3.74
18997193,1.8200,28.33,19.75,3.47,3.74
18997693,1.8200,28.33,19.75,3.47,3.74
18998194,1.8200,28.33,20.75,3.47,3.74
18998694,1.8200,28.33,20.75,3.47,3.74
18999194,1.8200,28.33,20.75,3.47,3.74
18999694,1.8200,28.33,20.75,3.47,3.74
19000194,1.8200,28.33,21.00,3.45,3.74
19000693,1.8200,28.33,21.00,3.45,3.74
19001193,1.8200,28.33,21.00,3.45,3.74
19001694,1.8188,28.44,21.00,3.45,3.74
19002194,1.8200,28.33,21.00,3.47,3.74
19002693,1.8188,28.44,20.75,3.47,3.74
19003194,1.8188,28.44,20.75,3.47,3.74
19003694,1.8188,28.44,20.75,3.47,3.74
19004193,1.8188,28.44,20.75,3.47,3.74
19004694,1.8188,28.44,21.00,3.47,3.74
19005194,1.8188,28.44,21.00,3.47,3.74
19005693,1.8188,28.44,21.00,3.47,3.74
19006193,1.8188,28.44,21.00,3.47,3.74
19006694,1.8188,28.44,20.75,3.47,3.74
19007193,1.8188,28.44,20.75,3.47,3.74
19007693,1.8175,28.54,20.75,3.47,3.74
19008194,1.8175,28.54,20.75,3.47,3.73
19008693,1.8175,28.54,20.75,3.47,3.73
19009193,1.8175,28.54,20.75,3.47,3.73
19009693,1.8175,28.54,20.75,3.47,3.73
19010194,1.8175,28.54,20.75,3.47,3.73
19010693,1.8175,28.54,20.75,3.47,3.73
19011194,1.8175,28.54,20.75,3.47,3.73
19011693,1.8175,28.54,20.75,3.47,3.73
19012193,1.8175,28.54,20.75,3.47,3.73
19012694,1.8175,28.54,20.75,3.47,3.73
19013193,1.8162,28.65,19.75,3.47,3.73
19013693,1.8162,28.65,19.75,3.47,3.73
19014194,1.8162,28.65,19.75,3.47,3.73
19014693,1.8162,28.65,19.75,3.47,3.73
19015194,1.8162,28.65,21.00,3.47,3.73
19015693,1.8162,28.65,21.00,3.47,3.73
19016194,1.8162,28.65,21.00,3.44,3.73
19016693,1.8162,28.65,21.00,3.44,3.73
19017194,1.8162,28.65,21.00,3.44,3.73
19017693,1.8162,28.65,21.00,3.44,3.73
19018193,1.8150,28.71,21.00,3.47,3.73
19018693,1.8162,28.65,21.00,3.47,3.73
19019197,1.8150,28.75,20.50,3.47,3.73
19019698,1.8150,28.75,20.50,3.47,3.73
19020207,1.8150,28.75,20.50,3.47,3.73
19020707,1.8150,28.75,20.50,3.47,3.73
19021206,1.8150,28.75,20.75,3.47,3.73
19021707,1.8150,28.75,20.75,3.47,3.73
19022206,1.8150,28.75,20.75,3.47,3.73
19022706,1.8150,28.75,20.75,3.47,3.72
19023206,1.8150,28.75,20.75,3.47,3.72
19023707,1.8150,28.75,20.00,3.47,3.72
19024206,1.8138,28.85,20.00,3.47,3.72
19024707,1.8150,28.75,20.00,3.47,3.72
19025206,1.8138,28.85,20.00,3.47,3.72
19025706,1.8138,28.85,20.75,3.47,3.72
19026206,1.8138,28.85,20.75,3.47,3.72
19026706,1.8138,28.85,20.75,3.47,3.72
19027207,1.8138,28.85,20.75,3.47,3.72
19027707,1.8138,28.85,20.25,3.47,3.72
19028207,1.8138,28.85,20.25,3.47,3.72
19028706,1.8138,28.85,20.25,3.47,3.72
19029207,1.8138,28.85,20.25,3.47,3.72
19029706,1.8138,28.85,20.50,3.47,3.72
19030206,1.8138,28.85,20.50,3.47,3.72
19030707,1.8138,28.85,20.50,3.47,3.72
19031206,1.8125,28.96,20.50,3.47,3.72
19031707,1.8125,28.96,20.75,3.47,3.72
19032207,1.8125,28.96,20.75,3.47,3.72
19032706,1.8125,28.96,20.75,3.45,3.72
19033206,1.8125,28.96,20.75,3.45,3.72
19033707,1.8125,28.96,20.75,3.45,3.72
19034206,1.8125,28.96,19.50,3.45,3.72
19034707,1.8125,28.96,19.50,3.47,3.72
19035206,1.8125,28.96,19.50,3.47,3.72
19035706,1.8125,28.96,19.50,3.47,3.72
19036206,1.8125,28.96,20.25,3.47,3.72
19036706,1.8112,29.06,20.25,3.47,3.72
19037207,1.8112,29.06,20.25,3.47,3.72
19037707,1.8112,29.06,20.25,3.47,3.72
19038207,1.8112,29.06,20.75,3.47,3.72
19038707,1.8112,29.06,20.75,3.47,3.72
19039206,1.8112,29.06,20.75,3.47,3.72
19039707,1.8112,29.06,20.75,3.47,3.72
19040206,1.8112,29.06,21.00,3.47,3.72
19040706,1.8112,29.06,21.00,3.47,3.72
19041206,1.8112,29.06,21.00,3.47,3.72
19041707,1.8112,29.06,21.00,3.47,3.72
19042207,1.8112,29.06,21.00,3.47,3.72
19042706,1.8100,29.17,21.00,3.44,3.71
19043206,1.8112,29.06,21.00,3.44,3.71
19043707,1.8100,29.17,21.00,3.44,3.71
19044206,1.8100,29.17,21.00,3.44,3.71
19044707,1.8100,29.17,19.25,3.47,3.71
19045206,1.8100,29.17,19.25,3.47,3.71
19045707,1.8100,29.17,19.25,3.47,3.71
19046206,1.8100,29.17,19.25,3.47,3.71
19046706,1.8100,29.17,21.00,3.47,3.71
19047206,1.8100,29.17,21.00,3.47,3.71
19047711,1.8100,29.17,21.00,3.47,3.71
19048211,1.8100,29.17,21.00,3.47,3.71
19048722,1.8100,29.17,20.75,3.44,3.71
19049222,1.8100,29.17,20.75,3.44,3.71
19049721,1.8100,29.17,20.75,3.44,3.71
19050222,1.8088,29.27,20.75,3.44,3.71
19050721,1.8088,29.27,20.75,3.44,3.71
19051221,1.8088,29.27,20.75,3.47,3.71
19051721,1.8088,29.27,20.75,3.47,3.71
19052221,1.8088,29.27,20.75,3.47,3.71
19052722,1.8088,29.27,20.75,3.47,3.71
19053222,1.8088,29.27,20.75,3.47,3.71
19053721,1.8088,29.27,20.75,3.47,3.71
19054222,1.8088,29.27,20.75,3.47,3.71
19054721,1.8088,29.27,20.75,3.47,3.71
19055221,1.8088,29.27,19.25,3.47,3.70
19055721,1.8088,29.27,19.25,3.47,3.70
19056222,1.8088,29.27,19.25,3.47,3.70
19056721,1.8088,29.27,19.25,3.47,3.70
19057222,1.8075,29.37,21.25,3.47,3.70
19057721,1.8075,29.37,21.25,3.47,3.70
19058221,1.8075,29.37,21.25,3.47,3.70
19058722,1.8075,29.37,21.25,3.47,3.70
19059221,1.8075,29.37,19.25,3.47,3.70
19059722,1.8075,29.37,19.25,3.47,3.70
19060222,1.8075,29.37,19.25,3.47,3.70
19060721,1.8075,29.37,19.25,3.47,3.70
19061222,1.8075,29.37,20.75,3.44,3.70
19061721,1.8075,29.37,20.75,3.44,3.70
19062221,1.8075,29.37,20.75,3.44,3.70
19062722,1.8075,29.37,20.75,3.44,3.70
19063221,1.8075,29.37,20.75,3.47,3.70
19063722,1.8062,29.48,20.75,3.47,3.70
19064222,1.8062,29.48,20.75,3.47,3.70
19064721,1.8062,29.48,20.75,3.47,3.70
19065221,1.8062,29.48,20.75,3.44,3.70
19065721,1.8062,29.48,20.25,3.44,3.70
19066222,1.8062,29.48,20.25,3.44,3.70
19066721,1.8062,29.48,20.25,3.44,3.70
19067221,1.8062,29.48,20.25,3.47,3.70
19067722,1.8062,29.48,20.50,3.47,3.70
19068221,1.8062,29.48,20.50,3.47,3.70
19068722,1.8062,29.48,20.50,3.47,3.70
19069222,1.8062,29.48,20.50,3.47,3.70
19069721,1.8062,29.48,20.50,3.47,3.70
19070221,1.8062,29.48,20.50,3.47,3.70
19070721,1.8062,29.48,20.50,3.47,3.70
19071221,1.8062,29.48,20.50,3.47,3.70
19071721,1.8050,29.58,20.75,3.47,3.70
19072224,1.8062,29.48,20.75,3.47,3.70
19072723,1.8050,29.58,20.75,3.47,3.70
19073223,1.8050,29.58,20.75,3.47,3.70
19073723,1.8050,29.58,20.75,3.47,3.70
19074223,1.8050,29.58,19.25,3.47,3.70
19074723,1.8050,29.58,19.25,3.47,3.70
19075223,1.8050,29.58,19.25,3.44,3.69
19075723,1.8050,29.58,19.25,3.44,3.69
19076226,1.8050,29.58,19.75,3.44,3.69
19076726,1.8050,29.58,19.75,3.44,3.69
19077235,1.8050,29.58,19.75,3.47,3.69
19077734,1.8050,29.58,19.75,3.47,3.69
19078234,1.8050,29.58,20.50,3.47,3.69
19078734,1.8050,29.58,20.50,3.47,3.69
19079234,1.8050,29.58,20.50,3.47,3.69
19079735,1.8050,29.58,20.50,3.47,3.69
19080234,1.8050,29.58,20.75,3.47,3.69
19080734,1.8038,29.69,20.75,3.47,3.69
19081235,1.8038,29.69,20.75,3.47,3.69
19081734,1.8038,29.69,20.75,3.47,3.69
19082234,1.8038,29.69,20.75,3.47,3.69
19082734,1.8038,29.69,20.75,3.47,3.69
19083234,1.8038,29.69,20.75,3.47,3.69
19083734,1.8038,29.69,20.75,3.47,3.69
19084234,1.8038,29.69,20.75,3.47,3.69
19084734,1.8038,29.69,19.75,3.47,3.69
19085232,1.8038,29.69,19.75,3.47,3.69
19085734,1.8038,29.69,19.75,3.47,3.69
19086234,1.8038,29.69,19.75,3.47,3.69
19086734,1.8038,29.69,20.75,3.47,3.69
19087234,1.8038,29.69,20.75,3.47,3.69
19087735,1.8038,29.69,20.75,3.47,3.68
19088234,1.8038,29.69,20.75,3.47,3.68
19088735,1.8038,29.73,20.50,3.47,3.68
19089234,1.8025,29.79,20.50,3.47,3.68
19089734,1.8025,29.79,20.50,3.47,3.68
19090234,1.8025,29.79,20.50,3.47,3.68
19090734,1.8025,29.79,20.75,3.47,3.68
19091234,1.8025,29.79,20.75,3.47,3.68
19091734,1.8025,29.79,20.75,3.44,3.68
19092234,1.8025,29.79,20.75,3.44,3.68
19092734,1.8025,29.79,20.25,3.44,3.68
19093234,1.8025,29.79,20.25,3.44,3.68
19093734,1.8025,29.79,20.25,3.44,3.68
19094234,1.8025,29.79,20.25,3.44,3.68
19094735,1.8025,29.79,20.25,3.44,3.68
19095234,1.8025,29.79,19.25,3.44,3.68
19095734,1.8025,29.79,19.25,3.47,3.68
19096234,1.8025,29.79,19.25,3.47,3.68
19096734,1.8025,29.79,19.25,3.47,3.68
19097234,1.8025,29.79,20.75,3.47,3.68
19097734,1.8025,29.79,20.75,3.47,3.68
19098234,1.8012,29.90,20.75,3.47,3.68
19098734,1.8012,29.90,20.75,3.47,3.68
19099234,1.8012,29.90,21.00,3.47,3.68
19099734,1.8012,29.90,21.00,3.47,3.68
19100234,1.8012,29.90,21.00,3.47,3.68
19100734,1.8012,29.90,21.00,3.47,3.68
19101234,1.8012,29.90,21.00,3.47,3.68
19101734,1.8012,29.90,21.00,3.47,3.68
19102234,1.8012,29.90,21.00,3.47,3.68
19102734,1.8012,29.90,21.00,3.47,3.68
19103234,1.8012,29.90,20.25,3.47,3.68
19103738,1.8012,29.90,20.25,3.44,3.68
19104237,1.8012,29.90,20.25,3.44,3.68
19104737,1.8012,29.90,20.25,3.44,3.68
19105238,1.8012,29.90,20.25,3.44,3.68
19105758,1.8012,29.90,19.50,3.47,3.67
19106257,1.8012,29.90,19.50,3.47,3.67
19106757,1.8000,30.00,19.50,3.47,3.67
19107257,1.8000,30.00,19.50,3.47,3.67
19107757,1.8000,30.00,20.75,3.47,3.67
19108258,1.8000,30.00,20.75,3.47,3.67
19108757,1.8012,29.90,20.75,3.47,3.67
19109257,1.8000,30.00,20.75,3.47,3.67
19109757,1.8000,30.00,20.75,3.47,3.67
19110257,1.8000,30.00,20.75,3.47,3.67
19110757,1.8000,30.00,20.75,3.47,3.67
19111257,1.8000,30.00,20.75,3.47,3.67
19111757,1.8000,30.00,20.75,3.47,3.67
19112258,1.8000,30.00,20.75,3.47,3.67
19112757,1.8000,30.00,20.75,3.47,3.67
19113258,1.8000,30.00,20.75,3.47,3.67
19113757,1.8000,30.00,21.25,3.47,3.67
19114257,1.8000,30.00,21.25,3.47,3.67
19114757,1.8000,30.00,21.25,3.47,3.67
19115258,1.8000,30.00,21.25,3.47,3.67
19115757,1.8000,30.00,21.25,3.47,3.67
19116257,1.8000,30.00,19.75,3.47,3.67
19116757,1.8000,30.00,19.75,3.47,3.67
19117257,1.7988,30.10,19.75,3.47,3.67
19117757,1.7988,30.10,19.75,3.47,3.67
19118257,1.7988,30.10,20.75,3.47,3.67
19118757,1.7988,30.10,20.75,3.47,3.67
19119258,1.7988,30.10,20.75,3.47,3.67
19119757,1.7988,30.10,20.75,3.47,3.67
19120258,1.7988,30.10,20.50,3.46,3.66
19120757,1.7988,30.10,20.50,3.46,3.66
19121257,1.7988,30.10,20.50,3.46,3.66
19121757,1.7988,30.10,20.50,3.46,3.66
19122257,1.7988,30.10,20.75,3.47,3.66
19122757,1.7988,30.10,20.75,3.47,3.66
19123257,1.7988,30.10,20.75,3.47,3.66
19123757,1.7988,30.10,20.75,3.47,3.66
19124257,1.7988,30.10,20.75,3.47,3.66
19124757,1.7988,30.10,20.00,3.47,3.66
19125257,1.7988,30.10,20.00,3.47,3.66
19125757,1.7988,30.10,20.00,3.47,3.66
19126258,1.7988,30.10,20.00,3.47,3.66
19126757,1.7975,30.21,20.75,3.47,3.66
19127257,1.7988,30.10,20.75,3.47,3.66
19127757,1.7975,30.21,20.75,3.47,3.66
19128263,1.7975,30.21,20.75,3.47,3.66
19128762,1.7975,30.21,20.75,3.47,3.66
19129262,1.7975,30.21,20.75,3.47,3.66
19129763,1.7975,30.21,20.75,3.47,3.66
19130284,1.7975,30.21,20.75,3.47,3.66
19130783,1.7975,30.21,20.75,3.47,3.66
19131283,1.7975,30.21,20.75,3.47,3.66
19131783,1.7975,30.21,20.75,3.47,3.66
19132283,1.7975,30.21,20.75,3.47,3.66
19132784,1.7975,30.21,20.75,3.47,3.66
19133283,1.7975,30.21,20.00,3.47,3.66
19133783,1.7975,30.21,20.00,3.47,3.66
19134283,1.7975,30.21,20.00,3.47,3.66
19134783,1.7975,30.21,20.00,3.47,3.66
19135283,1.7975,30.21,20.25,3.47,3.66
19135783,1.7975,30.21,20.25,3.47,3.66
19136283,1.7975,30.21,20.25,3.47,3.66
19136784,1.7975,30.21,20.25,3.47,3.65
19137283,1.7975,30.21,20.75,3.47,3.65
19137783,1.7975,30.21,20.75,3.47,3.65
19138283,1.7962,30.31,20.75,3.47,3.65
19138784,1.7962,30.31,20.75,3.47,3.65
19139283,1.7962,30.31,21.00,3.47,3.65
19139783,1.7962,30.31,21.00,3.47,3.65
19140283,1.7962,30.31,21.00,3.47,3.65
19140783,1.7962,30.31,21.00,3.47,3.65
19141283,1.7962,30.31,20.75,3.47,3.65
19141783,1.7962,30.31,20.75,3.47,3.65
19142283,1.7962,30.31,20.75,3.47,3.65
19142783,1.7962,30.31,20.75,3.47,3.65
19143283,1.7962,30.31,20.75,3.47,3.65
19143783,1.7962,30.31,19.50,3.47,3.65
19144283,1.7962,30.31,19.50,3.47,3.65
19144783,1.7962,30.31,19.50,3.44,3.65
19145283,1.7962,30.31,19.50,3.44,3.65
19145783,1.7962,30.31,20.50,3.44,3.65
19146283,1.7962,30.31,20.50,3.44,3.65
19146783,1.7962,30.31,20.50,3.47,3.65
19147283,1.7962,30.31,20.50,3.47,3.65
19147783,1.7962,30.31,20.75,3.47,3.65
19148283,1.7950,30.42,20.75,3.47,3.65
19148783,1.7950,30.42,20.75,3.47,3.64
19149283,1.7962,30.31,20.75,3.47,3.64
19149783,1.7950,30.42,20.25,3.47,3.64
19150283,1.7950,30.42,20.25,3.47,3.64
19150783,1.7950,30.42,20.25,3.44,3.64
19151283,1.7950,30.42,20.25,3.44,3.64
19151783,1.7950,30.42,20.25,3.44,3.64
19152283,1.7950,30.42,19.50,3.44,3.64
19152784,1.7950,30.42,19.50,3.47,3.64
19153283,1.7950,30.42,19.50,3.47,3.64
19153783,1.7950,30.42,19.50,3.47,3.64
19154283,1.7950,30.42,20.50,3.47,3.64
19154783,1.7950,30.42,20.50,3.44,3.64
19155283,1.7950,30.42,20.50,3.44,3.64
19155783,1.7950,30.42,20.50,3.44,3.64
19156283,1.7950,30.42,20.75,3.44,3.64
19156794,1.7950,30.42,20.75,3.47,3.64
19157293,1.7950,30.42,20.75,3.47,3.64
19157793,1.7950,30.42,20.75,3.47,3.64
19158294,1.7950,30.42,20.75,3.47,3.64
19158814,1.7950,30.42,20.75,3.47,3.64
19159313,1.7950,30.42,20.75,3.47,3.64
19159813,1.7950,30.42,20.75,3.47,3.64
19160313,1.7950,30.42,20.75,3.47,3.64
19160813,1.7938,30.52,20.75,3.47,3.64
19161313,1.7938,30.52,20.75,3.47,3.64
19161813,1.7938,30.52,20.75,3.47,3.64
19162314,1.7938,30.52,20.75,3.47,3.64
19162813,1.7938,30.52,20.00,3.47,3.64
19163314,1.7938,30.52,20.00,3.47,3.64
19163813,1.7938,30.52,20.00,3.47,3.64
19164313,1.7938,30.52,20.00,3.47,3.64
19164813,1.7938,30.52,20.75,3.47,3.64
19165313,1.7938,30.52,20.75,3.46,3.64
19165813,1.7938,30.52,20.75,3.46,3.64
19166313,1.7938,30.52,20.75,3.46,3.64
19166813,1.7938,30.52,20.50,3.46,3.64
19167313,1.7938,30.52,20.50,3.47,3.64
19167813,1.7938,30.52,20.50,3.47,3.64
19168313,1.7938,30.52,20.50,3.47,3.64
19168813,1.7938,30.52,20.75,3.47,3.64
19169313,1.7938,30.52,20.75,3.44,3.64
19169813,1.7938,30.52,20.75,3.44,3.64
19170313,1.7938,30.52,20.75,3.44,3.64
19170813,1.7938,30.52,20.50,3.44,3.64
19171313,1.7938,30.52,20.50,3.47,3.63
19171813,1.7938,30.52,20.50,3.47,3.63
19172313,1.7938,30.52,20.50,3.47,3.63
19172814,1.7938,30.52,20.50,3.47,3.63
19173313,1.7938,30.52,19.50,3.47,3.63
19173813,1.7925,30.62,19.50,3.47,3.63
19174313,1.7925,30.62,19.50,3.47,3.63
19174813,1.7925,30.62,19.50,3.47,3.63
19175314,1.7925,30.62,20.50,3.47,3.63
19175813,1.7925,30.62,20.50,3.47,3.63
19176313,1.7925,30.62,20.50,3.47,3.63
19176813,1.7925,30.62,20.50,3.47,3.63
19177313,1.7925,30.62,20.50,3.47,3.63
19177813,1.7925,30.62,20.50,3.47,3.63
19178313,1.7925,30.62,20.50,3.47,3.63
19178813,1.7925,30.62,20.50,3.47,3.63
19179314,1.7925,30.62,20.50,3.47,3.63
19179814,1.7925,30.62,20.50,3.47,3.63
19180313,1.7925,30.62,20.50,3.47,3.63
19180813,1.7925,30.62,20.50,3.47,3.63
19181318,1.7925,30.62,20.75,3.47,3.63
19181818,1.7925,30.62,20.75,3.47,3.63
19182318,1.7925,30.62,20.75,3.47,3.63
19182818,1.7925,30.62,20.75,3.47,3.63
19183338,1.7925,30.62,20.75,3.47,3.62
19183838,1.7925,30.62,20.00,3.47,3.62
19184337,1.7925,30.62,20.00,3.47,3.62
19184837,1.7925,30.62,20.00,3.47,3.62
19185338,1.7925,30.62,20.00,3.47,3.62
19185838,1.7925,30.62,19.50,3.47,3.62
19186337,1.7925,30.62,19.50,3.47,3.62
19186837,1.7912,30.73,19.50,3.47,3.62
19187337,1.7912,30.73,19.50,3.47,3.62
19187837,1.7912,30.73,20.75,3.47,3.62
19188337,1.7912,30.73,20.75,3.47,3.62
19188838,1.7912,30.73,20.75,3.47,3.62
19189337,1.7912,30.73,20.75,3.47,3.62
19189837,1.7912,30.73,20.50,3.47,3.62
19190337,1.7912,30.73,20.50,3.47,3.62
19190837,1.7912,30.73,20.50,3.47,3.62
19191337,1.7912,30.73,20.50,3.47,3.62
19191837,1.7912,30.73,20.25,3.47,3.62
19192337,1.7912,30.73,20.25,3.47,3.62
19192838,1.7912,30.73,20.25,3.47,3.62
19193337,1.7912,30.73,20.25,3.47,3.62
19193837,1.7912,30.73,20.25,3.47,3.62
19194337,1.7912,30.73,20.00,3.47,3.62
19194837,1.7912,30.73,20.00,3.47,3.62
19195337,1.7912,30.73,20.00,3.47,3.62
19195838,1.7912,30.73,20.00,3.44,3.62
19196337,1.7912,30.73,20.25,3.44,3.62
19196838,1.7912,30.73,20.25,3.44,3.62
19197337,1.7912,30.73,20.25,3.44,3.62
19197837,1.7912,30.73,20.25,3.47,3.62
19198337,1.7912,30.73,20.75,3.47,3.62
19198838,1.7912,30.73,20.75,3.47,3.62
19199337,1.7912,30.73,20.75,3.47,3.62
19199838,1.7912,30.73,20.75,3.47,3.62
19200337,1.7900,30.83,20.75,3.47,3.62
19200838,1.7900,30.83,20.75,3.47,3.62
19201337,1.7912,30.73,20.75,3.47,3.62
19201838,1.7900,30.83,20.75,3.44,3.62
19202337,1.7900,30.83,20.75,3.44,3.62
19202838,1.7900,30.83,20.75,3.44,3.62
19203337,1.7900,30.83,20.75,3.44,3.62
19203838,1.7900,30.83,20.75,3.44,3.62
19204337,1.7900,30.83,20.75,3.44,3.62
19204838,1.7900,30.83,19.75,3.44,3.62
19205337,1.7900,30.83,19.75,3.44,3.62
19205837,1.7900,30.83,19.75,3.47,3.61
19206337,1.7900,30.83,19.75,3.47,3.61
19206838,1.7900,30.83,20.00,3.47,3.61
19207337,1.7900,30.83,20.00,3.47,3.61
19207837,1.7900,30.83,20.00,3.47,3.61
19208337,1.7900,30.83,20.00,3.47,3.61
19208837,1.7900,30.83,20.75,3.47,3.61
19209337,1.7900,30.83,20.75,3.47,3.61
19209837,1.7900,30.83,20.75,3.46,3.61
19210337,1.7900,30.83,20.75,3.46,3.61
19210845,1.7900,30.83,20.50,3.46,3.61
19211345,1.7900,30.83,20.50,3.46,3.61
19211854,1.7900,30.83,20.50,3.47,3.61
19212353,1.7888,30.94,20.50,3.47,3.61
19212853,1.7900,30.83,20.75,3.47,3.61
19213352,1.7888,30.94,20.75,3.47,3.61
19213853,1.7900,30.83,20.75,3.47,3.61
19214354,1.7888,30.94,20.75,3.47,3.61
19214853,1.7888,30.94,20.75,3.47,3.61
19215353,1.7888,30.94,19.75,3.47,3.61
19215853,1.7888,30.94,19.75,3.47,3.61
19216353,1.7888,30.94,19.75,3.47,3.61
19216853,1.7888,30.94,19.75,3.47,3.61
19217353,1.7888,30.94,21.00,3.47,3.61
19217853,1.7888,30.94,21.00,3.47,3.61
19218353,1.7888,30.94,21.00,3.47,3.60
19218854,1.7888,30.94,21.00,3.47,3.60
19219353,1.7888,30.94,19.25,3.47,3.60
19219853,1.7888,30.94,19.25,3.47,3.60
19220353,1.7888,30.94,19.25,3.47,3.60
19220853,1.7888,30.94,19.25,3.47,3.60
19221354,1.7888,30.94,21.00,3.47,3.60
19221853,1.7888,30.94,21.00,3.47,3.60
19222353,1.7888,30.94,21.00,3.47,3.60
19222854,1.7888,30.94,21.00,3.47,3.60
19223353,1.7888,30.94,20.25,3.47,3.60
19223853,1.7888,30.94,20.25,3.47,3.60
19224354,1.7888,30.94,20.25,3.47,3.60
19224853,1.7888,30.94,20.25,3.47,3.60
19225353,1.7888,30.94,20.25,3.47,3.60
19225853,1.7888,30.94,19.75,3.47,3.60
19226354,1.7875,31.04,19.75,3.47,3.60
19226853,1.7888,30.94,19.75,3.47,3.60
19227353,1.7875,31.04,19.75,3.47,3.60
19227853,1.7875,31.04,20.75,3.47,3.60
19228354,1.7875,31.04,20.75,3.47,3.60
19228853,1.7875,31.04,20.75,3.47,3.60
19229353,1.7875,31.04,20.75,3.47,3.60
19229853,1.7875,31.04,20.50,3.47,3.60
19230353,1.7875,31.04,20.50,3.47,3.60
19230853,1.7875,31.04,20.50,3.47,3.60
19231353,1.7875,31.04,20.50,3.47,3.60
19231853,1.7875,31.04,20.75,3.47,3.60
19232354,1.7875,31.04,20.75,3.47,3.60
19232857,1.7875,31.04,20.75,3.47,3.60
19233353,1.7875,31.04,20.75,3.47,3.60
19233853,1.7875,31.04,20.75,3.47,3.60
19234357,1.7875,31.04,20.75,3.47,3.60
19234856,1.7875,31.04,20.75,3.47,3.60
19235356,1.7875,31.04,20.75,3.47,3.60
19235856,1.7875,31.04,20.75,3.47,3.60
19236356,1.7875,31.04,19.50,3.47,3.60
19236856,1.7875,31.04,19.50,3.47,3.60
19237356,1.7875,31.04,19.50,3.47,3.60
19237856,1.7875,31.04,19.50,3.47,3.60
19238356,1.7875,31.04,21.00,3.47,3.60
19238856,1.7875,31.04,21.00,3.47,3.60
19239356,1.7875,31.04,21.00,3.47,3.60
19239856,1.7862,31.15,21.00,3.47,3.60
19240356,1.7862,31.14,20.50,3.47,3.60
19240856,1.7862,31.15,20.50,3.47,3.59
19241356,1.7875,31.04,20.50,3.47,3.59
19241856,1.7875,31.04,20.50,3.47,3.59
19242356,1.7862,31.15,20.50,3.47,3.59
19242856,1.7862,31.15,20.50,3.46,3.59
19243356,1.7862,31.15,20.50,3.46,3.59
19243856,1.7862,31.15,20.50,3.46,3.59
19244356,1.7862,31.15,21.00,3.46,3.59
19244856,1.7862,31.15,21.00,3.46,3.59
19245364,1.7862,31.15,21.00,3.46,3.59
19245864,1.7862,31.15,21.00,3.46,3.59
19246364,1.7862,31.15,21.00,3.46,3.59
19246864,1.7862,31.15,19.50,3.45,3.59
19247364,1.7862,31.15,19.50,3.45,3.59
19247864,1.7862,31.15,19.50,3.45,3.59
19248364,1.7862,31.15,19.50,3.45,3.59
19248864,1.7862,31.15,20.75,3.47,3.59
19249364,1.7862,31.15,20.75,3.47,3.59
19249864,1.7862,31.15,20.75,3.47,3.59
19250364,1.7862,31.15,20.75,3.47,3.59
19250864,1.7862,31.15,20.75,3.46,3.59
19251364,1.7862,31.15,20.75,3.46,3.59
19251864,1.7862,31.15,20.75,3.46,3.59
19252364,1.7862,31.15,20.75,3.46,3.59
19252864,1.7850,31.16,20.75,3.47,3.59
19253364,1.7862,31.15,20.75,3.47,3.59
19253865,1.7862,31.15,20.75,3.47,3.59
19254364,1.7862,31.15,20.75,3.47,3.59
19254864,1.7862,31.15,20.75,3.46,3.58
19255365,1.7850,31.25,20.50,3.46,3.58
19255864,1.7862,31.15,20.50,3.46,3.58
19256364,1.7862,31.15,20.50,3.46,3.58
19256864,1.7862,31.15,20.50,3.47,3.58
19257364,1.7850,31.25,21.00,3.47,3.58
19257864,1.7850,31.25,21.00,3.47,3.58
19258364,1.7850,31.25,21.00,3.47,3.58
19258864,1.7850,31.25,21.00,3.47,3.58
19259364,1.7850,31.25,20.50,3.47,3.58
19259864,1.7850,31.25,20.50,3.47,3.58
19260364,1.7850,31.25,20.50,3.47,3.58
19260864,1.7850,31.25,20.50,3.47,3.58
19261364,1.7850,31.25,20.75,3.47,3.58
19261864,1.7850,31.25,20.75,3.47,3.58
19262364,1.7850,31.25,20.75,3.47,3.58
19262873,1.7850,31.25,20.75,3.47,3.58
19263372,1.7850,31.25,20.75,3.47,3.58
19263873,1.7850,31.25,20.75,3.47,3.58
19264372,1.7850,31.25,20.75,3.47,3.58
19264872,1.7850,31.25,20.75,3.47,3.58
19265372,1.7850,31.25,20.75,3.46,3.58
19265872,1.7850,31.25,19.50,3.46,3.58
19266372,1.7850,31.25,19.50,3.46,3.58
19266872,1.7850,31.25,19.50,3.46,3.58
19267373,1.7850,31.25,19.50,3.46,3.58
19267872,1.7850,31.25,20.75,3.46,3.58
19268372,1.7850,31.25,20.75,3.46,3.58
19268872,1.7850,31.25,20.75,3.46,3.58
19269372,1.7838,31.35,20.75,3.44,3.58
19269872,1.7838,31.35,20.25,3.44,3.58
19270372,1.7838,31.35,20.25,3.44,3.58
19270872,1.7838,31.35,20.25,3.44,3.58
19271372,1.7838,31.35,20.25,3.44,3.58
19271872,1.7850,31.25,21.00,3.44,3.58
19272372,1.7838,31.35,21.00,3.44,3.58
19272872,1.7838,31.35,21.00,3.44,3.58
19273372,1.7838,31.35,21.00,3.44,3.58
19273872,1.7838,31.35,21.00,3.44,3.58
19274372,1.7838,31.35,21.00,3.44,3.58
19274872,1.7838,31.35,21.00,3.44,3.58
19275372,1.7838,31.35,21.00,3.44,3.58
19275872,1.7838,31.35,21.00,3.44,3.58
19276372,1.7838,31.35,20.00,3.44,3.58
19276872,1.7838,31.35,20.00,3.44,3.58
19277372,1.7838,31.35,20.00,3.47,3.57
19277872,1.7838,31.35,20.00,3.47,3.57
19278372,1.7838,31.35,20.50,3.47,3.57
19278872,1.7838,31.35,20.50,3.47,3.57
19279372,1.7838,31.35,20.50,3.47,3.57
19279872,1.7838,31.35,20.50,3.47,3.57
19280372,1.7838,31.35,20.50,3.47,3.57
19280872,1.7838,31.35,20.50,3.47,3.57
19281372,1.7838,31.35,20.50,3.46,3.57
19281872,1.7838,31.35,20.50,3.46,3.57
19282372,1.7838,31.35,20.75,3.46,3.57
19282872,1.7838,31.35,20.75,3.46,3.57
19283372,1.7825,31.46,20.75,3.46,3.57
19283875,1.7838,31.35,20.75,3.46,3.57
19284375,1.7838,31.35,20.50,3.46,3.57
19284876,1.7825,31.46,20.50,3.46,3.57
19285375,1.7825,31.46,20.50,3.46,3.57
19285875,1.7825,31.46,20.50,3.46,3.57
19286375,1.7825,31.46,20.50,3.46,3.57
19286875,1.7825,31.46,19.25,3.46,3.57
19287375,1.7825,31.46,19.25,3.47,3.57
19287875,1.7825,31.46,19.25,3.47,3.57
19288375,1.7825,31.46,19.25,3.47,3.57
19288875,1.7825,31.46,20.25,3.47,3.57
19289398,1.7825,31.46,20.25,3.47,3.57
19289897,1.7825,31.46,20.25,3.47,3.57
19290398,1.7825,31.46,20.25,3.47,3.57
19290897,1.7825,31.46,21.00,3.47,3.57
19291397,1.7825,31.46,21.00,3.47,3.57
19291897,1.7825,31.46,21.00,3.46,3.56
19292397,1.7825,31.46,21.00,3.46,3.56
19292897,1.7825,31.46,21.00,3.46,3.56
19293398,1.7825,31.46,21.00,3.46,3.56
19293897,1.7825,31.46,21.00,3.46,3.56
19294397,1.7825,31.46,21.00,3.46,3.56
19294897,1.7825,31.46,20.75,3.46,3.56
19295397,1.7825,31.46,20.75,3.46,3.56
19295897,1.7825,31.46,20.75,3.47,3.56
19296398,1.7825,31.46,20.75,3.47,3.56
19296897,1.7825,31.46,20.75,3.47,3.56
19297397,1.7825,31.46,20.00,3.47,3.56
19297897,1.7812,31.56,20.00,3.44,3.56
19298398,1.7812,31.56,20.00,3.44,3.56
19298897,1.7812,31.56,20.00,3.44,3.56
19299397,1.7812,31.56,20.75,3.44,3.56
19299898,1.7812,31.56,20.75,3.44,3.56
19300398,1.7812,31.56,20.75,3.44,3.56
19300898,1.7812,31.56,20.75,3.44,3.56
19301397,1.7812,31.56,19.25,3.44,3.56
19301897,1.7812,31.56,19.25,3.44,3.56
19302398,1.7812,31.56,19.25,3.44,3.56
19302897,1.7812,31.56,19.25,3.44,3.56
19303397,1.7812,31.56,20.75,3.44,3.56
19303897,1.7812,31.56,20.75,3.44,3.56
19304398,1.7812,31.56,20.75,3.44,3.56
19304897,1.7812,31.56,20.75,3.44,3.56
19305397,1.7812,31.56,20.75,3.44,3.56
19305897,1.7812,31.56,20.75,3.46,3.56
19306397,1.7812,31.56,20.75,3.46,3.56
19306897,1.7812,31.56,20.75,3.46,3.56
19307397,1.7812,31.56,20.75,3.46,3.56
19307897,1.7812,31.56,19.50,3.44,3.56
19308397,1.7812,31.56,19.50,3.44,3.56
19308897,1.7812,31.56,19.50,3.44,3.56
19309397,1.7812,31.56,19.50,3.44,3.56
19309897,1.7812,31.56,20.00,3.46,3.56
19310397,1.7812,31.56,20.00,3.46,3.56
19310897,1.7812,31.56,20.00,3.46,3.56
19311397,1.7812,31.56,20.00,3.46,3.56
19311897,1.7812,31.56,20.75,3.47,3.55
19312397,1.7812,31.56,20.75,3.47,3.55
19312897,1.7800,31.67,20.75,3.47,3.55
19313397,1.7800,31.67,20.75,3.47,3.55
19313926,1.7800,31.67,20.75,3.46,3.55
19314425,1.7800,31.67,20.75,3.46,3.55
19314925,1.7812,31.56,20.75,3.46,3.55
19315426,1.7800,31.67,20.75,3.46,3.55
19315925,1.7800,31.67,20.75,3.46,3.55
19316425,1.7800,31.67,19.75,3.46,3.55
19316925,1.7800,31.67,19.75,3.46,3.55
19317425,1.7800,31.67,19.75,3.46,3.55
19317925,1.7800,31.67,19.75,3.46,3.55
19318426,1.7800,31.67,20.50,3.47,3.55
19318925,1.7800,31.67,20.50,3.47,3.55
19319425,1.7800,31.67,20.50,3.47,3.55
19319925,1.7800,31.67,20.50,3.47,3.55
19320425,1.7800,31.67,20.50,3.46,3.55
19320925,1.7800,31.67,20.50,3.46,3.55
19321425,1.7800,31.67,20.50,3.46,3.55
19321925,1.7800,31.67,20.50,3.46,3.55
19322426,1.7800,31.67,20.25,3.46,3.55
19322925,1.7800,31.67,20.25,3.46,3.55
19323425,1.7800,31.67,20.25,3.46,3.55
19323925,1.7800,31.67,20.25,3.46,3.55
19324426,1.7800,31.67,20.25,3.47,3.54
19324925,1.7800,31.67,19.00,3.47,3.54
19325425,1.7800,31.67,19.00,3.47,3.54
19325925,1.7800,31.67,19.00,3.47,3.54
19326425,1.7800,31.67,19.00,3.46,3.54
19326925,1.7800,31.67,21.00,3.46,3.54
19327425,1.7787,31.77,21.00,3.46,3.54
19327925,1.7787,31.77,21.00,3.46,3.54
19328426,1.7787,31.77,21.00,3.46,3.54
19328925,1.7787,31.77,21.00,3.46,3.54
19329425,1.7787,31.77,21.00,3.46,3.54
19329925,1.7787,31.77,21.00,3.46,3.54
19330425,1.7787,31.77,21.00,3.46,3.54
19330925,1.7787,31.77,21.00,3.46,3.54
19331425,1.7787,31.77,21.00,3.46,3.54
19331925,1.7787,31.77,21.00,3.46,3.54
19332425,1.7787,31.77,21.00,3.46,3.54
19332925,1.7787,31.77,20.75,3.46,3.54
19333425,1.7787,31.77,20.75,3.46,3.54
19333925,1.7787,31.77,20.75,3.46,3.54
19334425,1.7787,31.77,20.75,3.46,3.54
19334926,1.7787,31.77,20.75,3.46,3.54
19335425,1.7787,31.77,19.25,3.46,3.54
19335925,1.7787,31.77,19.25,3.46,3.54
19336426,1.7787,31.77,19.25,3.46,3.54
19336925,1.7787,31.77,19.25,3.46,3.54
19337425,1.7787,31.77,20.25,3.46,3.54
19337926,1.7787,31.77,20.25,3.46,3.54
19338425,1.7787,31.77,20.25,3.44,3.54
19338925,1.7787,31.77,20.25,3.44,3.54
19339425,1.7787,31.77,20.75,3.44,3.54
19339925,1.7787,31.77,20.75,3.44,3.54
19340425,1.7787,31.77,20.75,3.46,3.54
19340926,1.7787,31.77,20.75,3.46,3.54
19341423,1.7787,31.77,20.75,3.46,3.54
19341925,1.7775,31.87,20.75,3.46,3.54
19342454,1.7787,31.77,20.75,3.46,3.54
19342953,1.7787,31.77,20.75,3.46,3.54
19343453,1.7775,31.87,21.00,3.46,3.54
19343953,1.7775,31.87,21.00,3.46,3.54
19344453,1.7775,31.87,21.00,3.46,3.54
19344953,1.7775,31.87,21.00,3.44,3.54
19345453,1.7775,31.87,21.00,3.44,3.54
19345953,1.7775,31.87,19.50,3.44,3.54
19346453,1.7775,31.87,19.50,3.44,3.54
19346954,1.7775,31.87,19.50,3.47,3.53
19347453,1.7775,31.87,19.50,3.47,3.53
19347953,1.7775,31.87,19.75,3.47,3.53
19348453,1.7775,31.87,19.75,3.47,3.53
19348954,1.7775,31.87,19.75,3.46,3.53
19349453,1.7775,31.87,19.75,3.46,3.53
19349953,1.7775,31.87,20.75,3.46,3.53
19350453,1.7775,31.87,20.75,3.46,3.53
19350954,1.7775,31.87,20.75,3.46,3.53
19351453,1.7775,31.87,20.75,3.46,3.53
19351953,1.7775,31.87,19.50,3.46,3.53
19352453,1.7775,31.87,19.50,3.46,3.53
19352954,1.7775,31.87,19.50,3.46,3.53
19353453,1.7775,31.87,19.50,3.46,3.53
19353953,1.7775,31.87,21.00,3.46,3.53
19354453,1.7775,31.87,21.00,3.46,3.53
19354953,1.7775,31.87,21.00,3.46,3.53
19355453,1.7775,31.87,21.00,3.46,3.53
19355953,1.7775,31.87,21.00,3.46,3.53
19356454,1.7775,31.87,19.50,3.46,3.53
19356953,1.7775,31.87,19.50,3.44,3.53
19357453,1.7775,31.87,19.50,3.44,3.53
19357953,1.7763,31.98,19.50,3.44,3.53
19358453,1.7763,31.98,20.50,3.44,3.53
19358953,1.7763,31.98,20.50,3.46,3.52
19359453,1.7775,31.87,20.50,3.46,3.52
19359953,1.7763,31.98,20.50,3.46,3.52
19360453,1.7763,31.98,20.25,3.46,3.52
19360954,1.7763,31.98,20.25,3.46,3.52
19361453,1.7763,31.98,20.25,3.46,3.52
19361954,1.7763,31.98,20.25,3.46,3.52
19362453,1.7763,31.98,20.75,3.46,3.52
19362954,1.7763,31.98,20.75,3.46,3.52
19363453,1.7763,31.98,20.75,3.46,3.52
19363954,1.7763,31.98,20.75,3.46,3.52
19364453,1.7763,31.98,20.75,3.46,3.52
19364961,1.7763,31.98,19.50,3.46,3.52
19365460,1.7763,31.98,19.50,3.46,3.52
19365960,1.7763,31.98,19.50,3.46,3.52
19366460,1.7763,31.98,19.50,3.46,3.52
19366982,1.7763,31.98,20.75,3.46,3.52
19367481,1.7763,31.98,20.75,3.46,3.52
19367981,1.7763,31.98,20.75,3.46,3.52
19368481,1.7763,31.98,20.75,3.46,3.52
19368981,1.7763,31.98,20.25,3.46,3.52
19369481,1.7763,31.98,20.25,3.47,3.52
19369981,1.7763,31.98,20.25,3.47,3.52
19370482,1.7763,31.98,20.25,3.47,3.52
19370981,1.7763,31.98,20.75,3.47,3.52
19371481,1.7750,32.08,20.75,3.46,3.52
19371981,1.7763,31.98,20.75,3.46,3.52
19372482,1.7763,31.98,20.75,3.46,3.52
19372981,1.7750,32.08,21.00,3.46,3.52
19373482,1.7750,32.08,21.00,3.46,3.52
19373981,1.7750,32.08,21.00,3.46,3.52
19374481,1.7750,32.08,21.00,3.46,3.52
19374981,1.7750,32.08,21.00,3.46,3.52
19375482,1.7750,32.08,20.00,3.46,3.52
19375981,1.7750,32.08,20.00,3.46,3.52
19376481,1.7750,32.08,20.00,3.46,3.52
19376981,1.7750,32.08,20.00,3.46,3.52
19377481,1.7750,32.08,20.00,3.46,3.51
19377981,1.7750,32.08,20.00,3.46,3.51
19378481,1.7750,32.08,20.00,3.46,3.51
19378982,1.7750,32.08,20.00,3.46,3.51
19379482,1.7750,32.08,20.75,3.44,3.51
19379981,1.7750,32.08,20.75,3.44,3.51
19380481,1.7750,32.08,20.75,3.44,3.51
19380981,1.7750,32.08,20.75,3.44,3.51
19381481,1.7750,32.08,19.50,3.46,3.51
19381981,1.7750,32.08,19.50,3.46,3.51
19382481,1.7750,32.08,19.50,3.46,3.51
19382981,1.7750,32.08,19.50,3.46,3.51
19383482,1.7750,32.08,20.75,3.46,3.51
19383981,1.7750,32.08,20.75,3.46,3.51
19384481,1.7750,32.08,20.75,3.46,3.51
19384981,1.7737,32.19,20.75,3.46,3.51
19385482,1.7737,32.19,20.75,3.46,3.51
19385981,1.7750,32.08,19.50,3.46,3.51
19386481,1.7737,32.19,19.50,3.46,3.51
19386981,1.7737,32.19,19.50,3.46,3.51
19387481,1.7737,32.19,19.50,3.46,3.51
19387981,1.7737,32.19,20.25,3.46,3.51
19388481,1.7737,32.19,20.25,3.46,3.51
19388981,1.7737,32.19,20.25,3.46,3.51
19389482,1.7737,32.19,20.25,3.44,3.50
19389981,1.7737,32.19,20.50,3.44,3.50
19390481,1.7737,32.19,20.50,3.44,3.50
19390981,1.7737,32.19,20.50,3.44,3.50
19391481,1.7737,32.19,20.50,3.46,3.50
19391981,1.7737,32.19,20.50,3.46,3.50
19392481,1.7737,32.19,20.50,3.46,3.50
19392981,1.7737,32.19,20.50,3.46,3.50
19393481,1.7737,32.19,20.50,3.46,3.50
19393981,1.7737,32.19,20.50,3.46,3.50
19394486,1.7737,32.19,20.50,3.46,3.50
19394986,1.7737,32.19,20.50,3.46,3.50
19395497,1.7737,32.19,20.50,3.46,3.50
19395996,1.7737,32.19,20.50,3.46,3.50
19396496,1.7737,32.19,19.25,3.46,3.50
19396996,1.7737,32.19,19.25,3.46,3.50
19397496,1.7737,32.19,19.25,3.46,3.50
19397996,1.7737,32.19,19.25,3.46,3.50
19398496,1.7737,32.19,20.75,3.46,3.50
19398996,1.7737,32.19,20.75,3.46,3.50
19399496,1.7737,32.19,20.75,3.46,3.50
19399996,1.7737,32.19,20.75,3.46,3.50
19400496,1.7737,32.19,21.00,3.46,3.50
19400996,1.7737,32.19,21.00,3.46,3.50
19401496,1.7725,32.29,21.00,3.46,3.50
19401996,1.7725,32.29,21.00,3.46,3.50
19402496,1.7725,32.29,20.75,3.46,3.50
19402996,1.7725,32.29,20.75,3.46,3.50
19403496,1.7725,32.29,20.75,3.46,3.50
19403996,1.7725,32.29,20.75,3.46,3.50
19404496,1.7725,32.29,21.00,3.46,3.50
19404997,1.7725,32.29,21.00,3.46,3.50
19405496,1.7725,32.29,21.00,3.46,3.50
19405996,1.7725,32.29,21.00,3.44,3.50
19406496,1.7725,32.29,21.00,3.44,3.50
19406996,1.7725,32.29,19.50,3.44,3.50
19407496,1.7725,32.29,19.50,3.44,3.50
19407996,1.7725,32.29,19.50,3.46,3.49
19408496,1.7725,32.29,19.50,3.46,3.49
19408997,1.7725,32.29,20.25,3.46,3.49
19409496,1.7725,32.29,20.25,3.46,3.49
19409996,1.7725,32.29,20.25,3.46,3.49
19410496,1.7725,32.29,20.25,3.46,3.49
19410996,1.7725,32.29,20.75,3.46,3.49
19411496,1.7725,32.29,20.75,3.46,3.49
19411996,1.7725,32.29,20.75,3.46,3.49
19412496,1.7725,32.29,20.75,3.46,3.49
19412997,1.7725,32.29,19.50,3.46,3.49
19413496,1.7725,32.29,19.50,3.46,3.49
19413997,1.7725,32.29,19.50,3.46,3.49
19414497,1.7725,32.29,19.50,3.46,3.49
19414997,1.7725,32.29,20.75,3.46,3.49
19415496,1.7725,32.29,20.75,3.46,3.49
19415997,1.7713,32.40,20.75,3.46,3.49
19416496,1.7725,32.29,20.75,3.46,3.49
19416997,1.7725,32.29,20.75,3.46,3.49
19417496,1.7725,32.29,19.25,3.46,3.49
19418001,1.7713,32.40,19.25,3.44,3.49
19418500,1.7713,32.40,19.25,3.44,3.49
19419001,1.7713,32.39,19.25,3.44,3.49
19419500,1.7713,32.40,20.00,3.44,3.49
19420002,1.7713,32.40,20.00,3.44,3.49
19420500,1.7713,32.40,20.00,3.44,3.48
19421001,1.7713,32.40,20.00,3.44,3.48
19421500,1.7713,32.40,20.75,3.44,3.48
19422001,1.7713,32.40,20.75,3.44,3.48
19422500,1.7713,32.40,20.75,3.46,3.48
19423001,1.7713,32.40,20.75,3.46,3.48
19423500,1.7713,32.40,20.25,3.46,3.48
19424000,1.7713,32.40,20.25,3.46,3.48
19424501,1.7713,32.40,20.25,3.43,3.48
19425001,1.7713,32.40,20.25,3.43,3.48
19425500,1.7713,32.40,20.50,3.43,3.48
19426000,1.7713,32.40,20.50,3.43,3.48
19426500,1.7713,32.40,20.50,3.46,3.48
19427001,1.7713,32.40,20.50,3.46,3.48
19427500,1.7713,32.40,20.50,3.46,3.48
19428008,1.7713,32.40,20.00,3.46,3.48
19428507,1.7713,32.40,20.00,3.46,3.48
19429007,1.7700,32.50,20.00,3.46,3.48
19429507,1.7713,32.40,20.00,3.46,3.48
19430007,1.7700,32.50,20.50,3.46,3.48
19430508,1.7700,32.50,20.50,3.44,3.48
19431013,1.7700,32.50,20.50,3.44,3.48
19431507,1.7700,32.50,20.50,3.44,3.48
19432007,1.7700,32.50,20.75,3.44,3.48
19432508,1.7700,32.50,20.75,3.46,3.48
19433008,1.7700,32.50,20.75,3.46,3.48
19433507,1.7700,32.50,20.75,3.46,3.48
19434008,1.7700,32.50,21.00,3.46,3.48
19434508,1.7700,32.50,21.00,3.44,3.48
19435008,1.7700,32.50,21.00,3.44,3.48
19435507,1.7700,32.50,21.00,3.44,3.48
19436008,1.7700,32.50,20.50,3.44,3.48
19436507,1.7700,32.50,20.50,3.46,3.48
19437008,1.7700,32.50,20.50,3.46,3.48
19437507,1.7700,32.50,20.50,3.46,3.48
19438008,1.7700,32.50,20.50,3.46,3.48
19438508,1.7700,32.50,19.50,3.46,3.47
19439008,1.7700,32.50,19.50,3.46,3.47
19439508,1.7700,32.50,19.50,3.46,3.47
19440012,1.7700,32.50,19.50,3.46,3.47
19440507,1.7700,32.50,19.50,3.46,3.47
19441007,1.7700,32.50,19.50,3.46,3.47
19441507,1.7700,32.50,19.50,3.46,3.47
19442010,1.7700,32.50,19.50,3.46,3.47
19442508,1.7700,32.50,20.75,3.46,3.47
19443008,1.7700,32.50,20.75,3.46,3.47
19443507,1.7700,32.50,20.75,3.46,3.47
19444013,1.7700,32.50,20.75,3.46,3.47
19444508,1.7700,32.50,21.00,3.46,3.47
19445007,1.7700,32.50,21.00,3.46,3.47
19445508,1.7687,32.60,21.00,3.46,3.47
19446008,1.7687,32.60,21.00,3.46,3.47
19446524,1.7687,32.60,21.00,3.44,3.47
19447024,1.7687,32.60,19.75,3.44,3.47
19447523,1.7687,32.60,19.75,3.44,3.47
19448029,1.7687,32.60,19.75,3.44,3.47
19448524,1.7687,32.60,19.75,3.44,3.47
19449029,1.7687,32.60,20.25,3.46,3.46
19449524,1.7687,32.60,20.25,3.46,3.46
19450024,1.7687,32.60,20.25,3.46,3.46
19450524,1.7687,32.60,20.25,3.46,3.46
19451024,1.7687,32.60,20.50,3.46,3.46
19451523,1.7687,32.60,20.50,3.46,3.46
19452029,1.7687,32.60,20.50,3.46,3.46
19452523,1.7687,32.60,20.50,3.46,3.46
19453025,1.7687,32.60,21.00,3.46,3.46
19453523,1.7687,32.60,21.00,3.46,3.46
19454024,1.7687,32.60,21.00,3.46,3.46
19454523,1.7687,32.60,21.00,3.46,3.46
19455024,1.7687,32.60,20.50,3.46,3.46
19455523,1.7687,32.60,20.50,3.46,3.46
19456029,1.7687,32.60,20.50,3.46,3.46
19456523,1.7687,32.60,20.50,3.46,3.46
19457024,1.7687,32.60,20.50,3.46,3.46
19457523,1.7687,32.60,19.25,3.46,3.46
19458024,1.7687,32.60,19.25,3.46,3.46
19458523,1.7687,32.60,19.25,3.46,3.46
19459024,1.7687,32.60,19.25,3.44,3.46
19459523,1.7687,32.60,20.75,3.44,3.46
19460029,1.7687,32.60,20.75,3.44,3.46
19460523,1.7687,32.60,20.75,3.44,3.46
19461024,1.7687,32.60,20.75,3.46,3.46
19461523,1.7687,32.60,20.75,3.46,3.46
19462024,1.7687,32.60,20.75,3.46,3.46
19462523,1.7675,32.68,20.75,3.46,3.46
19463024,1.7675,32.71,20.75,3.46,3.46
19463523,1.7687,32.60,20.50,3.46,3.46
19464026,1.7675,32.71,20.50,3.46,3.46
19464524,1.7675,32.71,20.50,3.46,3.46
19465024,1.7675,32.71,20.50,3.46,3.46
19465523,1.7675,32.71,20.75,3.46,3.46
19466024,1.7675,32.71,20.75,3.46,3.46
19466523,1.7675,32.71,20.75,3.46,3.46
19467024,1.7675,32.71,20.75,3.46,3.45
19467528,1.7675,32.71,20.75,3.46,3.45
19468031,1.7675,32.71,19.75,3.46,3.45
19468538,1.7675,32.71,19.75,3.46,3.45
19469039,1.7675,32.71,19.75,3.44,3.45
19469537,1.7675,32.71,19.75,3.44,3.45
19470039,1.7675,32.71,20.75,3.44,3.45
19470538,1.7675,32.71,20.75,3.44,3.45
19471044,1.7675,32.71,20.75,3.46,3.45
19471538,1.7675,32.71,20.75,3.46,3.45
19472039,1.7675,32.71,21.00,3.46,3.45
19472538,1.7675,32.71,21.00,3.46,3.45
19473051,1.7675,32.71,21.00,3.46,3.45
19473550,1.7675,32.71,21.00,3.46,3.45
19474051,1.7675,32.71,20.25,3.46,3.45
19474550,1.7675,32.71,20.25,3.46,3.45
19475057,1.7675,32.71,20.25,3.46,3.45
19475550,1.7675,32.71,20.25,3.44,3.45
19476055,1.7675,32.71,20.75,3.44,3.45
19476550,1.7675,32.71,20.75,3.44,3.45
19477051,1.7675,32.71,20.75,3.44,3.45
19477550,1.7675,32.71,20.75,3.46,3.44
19478051,1.7675,32.71,20.75,3.46,3.44
19478550,1.7675,32.71,19.75,3.46,3.44
19479057,1.7675,32.71,19.75,3.46,3.44
19479551,1.7675,32.71,19.75,3.46,3.44
19480051,1.7675,32.71,19.75,3.46,3.44
19480550,1.7675,32.71,20.75,3.46,3.44
19481051,1.7675,32.71,20.75,3.46,3.44
19481551,1.7675,32.71,20.75,3.44,3.44
19482050,1.7675,32.71,20.75,3.44,3.44
19482551,1.7675,32.71,20.75,3.44,3.44
19483058,1.7663,32.81,20.75,3.44,3.44
19483550,1.7663,32.81,20.75,3.46,3.44
19484050,1.7663,32.81,20.75,3.46,3.44
19484551,1.7663,32.81,20.50,3.46,3.44
19485050,1.7663,32.81,20.50,3.46,3.44
19485550,1.7663,32.81,20.50,3.46,3.44
19486050,1.7663,32.81,20.50,3.46,3.44
19486550,1.7663,32.81,20.75,3.46,3.44
19487050,1.7663,32.81,20.75,3.46,3.44
19487550,1.7663,32.81,20.75,3.44,3.44
19488051,1.7663,32.81,20.75,3.44,3.44
19488550,1.7663,32.81,20.75,3.44,3.44
19489050,1.7663,32.81,19.25,3.44,3.44
19489550,1.7663,32.81,19.25,3.46,3.44
19490051,1.7663,32.81,19.25,3.46,3.44
19490550,1.7663,32.81,19.25,3.46,3.44
19491051,1.7663,32.81,20.50,3.46,3.44
19491550,1.7663,32.81,20.50,3.46,3.44
19492050,1.7663,32.81,20.50,3.46,3.44
19492551,1.7663,32.81,20.50,3.46,3.44
19493050,1.7663,32.81,21.00,3.46,3.44
19493550,1.7663,32.81,21.00,3.46,3.43
19494050,1.7663,32.81,21.00,3.46,3.43
19494550,1.7663,32.81,21.00,3.46,3.43
19495050,1.7663,32.81,19.50,3.46,3.43
19495550,1.7663,32.81,19.50,3.46,3.43
19496050,1.7663,32.81,19.50,3.46,3.43
19496550,1.7663,32.81,19.50,3.46,3.43
19497050,1.7663,32.81,20.75,3.46,3.43
19497575,1.7663,32.81,20.75,3.46,3.43
19498075,1.7663,32.81,20.75,3.46,3.43
19498574,1.7663,32.81,20.75,3.46,3.43
19499074,1.7663,32.81,20.75,3.46,3.43
19499574,1.7650,32.92,19.75,3.46,3.43
19500075,1.7663,32.81,19.75,3.46,3.43
19500574,1.7663,32.81,19.75,3.46,3.43
19501075,1.7650,32.92,19.75,3.46,3.43
19501574,1.7650,32.92,20.00,3.46,3.43
19502074,1.7663,32.81,20.00,3.46,3.43
19502574,1.7650,32.92,20.00,3.46,3.43
19503074,1.7650,32.92,20.00,3.46,3.43
19503574,1.7650,32.92,20.25,3.46,3.43
19504074,1.7650,32.92,20.25,3.46,3.43
19504574,1.7650,32.92,20.25,3.46,3.43
19505074,1.7650,32.92,20.25,3.46,3.43
19505574,1.7650,32.92,20.50,3.46,3.43
19506075,1.7650,32.92,20.50,3.46,3.42
19506574,1.7650,32.92,20.50,3.46,3.42
19507074,1.7650,32.92,20.50,3.46,3.42
19507574,1.7650,32.92,21.00,3.46,3.42
19508075,1.7650,32.92,21.00,3.46,3.42
19508574,1.7650,32.92,21.00,3.46,3.42
19509074,1.7650,32.92,21.00,3.46,3.42
19509574,1.7650,32.92,21.00,3.46,3.42
19510075,1.7650,32.92,19.50,3.46,3.42
19510574,1.7650,32.92,19.50,3.46,3.42
19511075,1.7650,32.92,19.50,3.46,3.42
19511575,1.7650,32.92,19.50,3.46,3.42
19512075,1.7650,32.92,20.75,3.46,3.42
19512575,1.7650,32.92,20.75,3.46,3.42
19513075,1.7650,32.92,20.75,3.46,3.42
19513575,1.7650,32.92,20.75,3.46,3.42
19514075,1.7650,32.92,20.25,3.44,3.42
19514575,1.7650,32.92,20.25,3.44,3.42
19515075,1.7637,33.02,20.25,3.44,3.42
19515575,1.7650,32.92,20.25,3.44,3.42
19516075,1.7637,33.02,20.75,3.46,3.42
19516576,1.7650,32.92,20.75,3.46,3.42
19517075,1.7650,32.92,20.75,3.46,3.42
19517575,1.7650,32.92,20.75,3.46,3.42
19518075,1.7637,33.02,20.75,3.46,3.42
19518575,1.7650,32.92,19.50,3.46,3.42
19519075,1.7650,32.92,19.50,3.46,3.42
19519576,1.7637,33.02,19.50,3.46,3.42
19520075,1.7637,33.02,19.50,3.44,3.42
19520575,1.7637,33.02,20.75,3.44,3.42
19521075,1.7637,33.02,20.75,3.44,3.42
19521575,1.7637,33.02,20.75,3.44,3.42
19522075,1.7637,33.02,20.75,3.46,3.42
19522575,1.7637,33.02,20.75,3.46,3.42
19523075,1.7637,33.02,20.75,3.46,3.42
19523575,1.7637,33.02,20.75,3.46,3.42
19524075,1.7637,33.02,20.75,3.46,3.42
19524575,1.7637,33.02,21.00,3.46,3.42
19525075,1.7637,33.02,21.00,3.46,3.42
19525575,1.7637,33.02,21.00,3.46,3.42
19526092,1.7637,33.02,21.00,3.44,3.41
19526591,1.7637,33.02,20.50,3.44,3.41
19527091,1.7637,33.02,20.50,3.44,3.41
19527591,1.7637,33.02,20.50,3.44,3.41
19528091,1.7637,33.02,20.50,3.44,3.41
19528591,1.7637,33.02,20.50,3.46,3.41
19529091,1.7637,33.02,19.75,3.46,3.41
19529591,1.7637,33.02,19.75,3.46,3.41
19530091,1.7637,33.02,19.75,3.46,3.41
19530591,1.7637,33.02,19.75,3.46,3.41
19531091,1.7637,33.02,20.50,3.46,3.41
19531591,1.7637,33.02,20.50,3.46,3.41
19532091,1.7637,33.02,20.50,3.46,3.41
19532591,1.7637,33.02,20.50,3.46,3.41
19533092,1.7637,33.02,20.00,3.46,3.41
19533591,1.7637,33.02,20.00,3.46,3.41
19534091,1.7637,33.02,20.00,3.46,3.41
19534591,1.7637,33.02,20.00,3.46,3.40
19535091,1.7637,33.02,20.25,3.46,3.40
19535591,1.7637,33.02,20.25,3.46,3.40
19536091,1.7637,33.02,20.25,3.46,3.40
19536592,1.7637,33.02,20.25,3.46,3.40
19537091,1.7637,33.02,20.50,3.46,3.40
19537591,1.7637,33.02,20.50,3.46,3.40
19538091,1.7625,33.12,20.50,3.46,3.40
19538591,1.7637,33.02,20.50,3.44,3.40
19539091,1.7637,33.02,20.50,3.44,3.40
19539591,1.7637,33.02,19.25,3.44,3.40
19540091,1.7637,33.02,19.25,3.44,3.40
19540592,1.7637,33.02,19.25,3.46,3.40
19541091,1.7625,33.12,19.25,3.46,3.40
19541591,1.7625,33.12,20.25,3.46,3.40
19542091,1.7625,33.12,20.25,3.46,3.40
19542592,1.7625,33.12,20.25,3.46,3.40
19543091,1.7625,33.12,20.25,3.46,3.40
19543591,1.7625,33.12,20.75,3.46,3.40
19544091,1.7625,33.12,20.75,3.46,3.40
19544592,1.7625,33.12,20.75,3.46,3.40
19545091,1.7625,33.12,20.75,3.46,3.40
19545591,1.7625,33.12,21.00,3.46,3.40
19546091,1.7625,33.12,21.00,3.46,3.40
19546599,1.7625,33.12,21.00,3.46,3.40
19547098,1.7625,33.12,21.00,3.46,3.40
19547598,1.7625,33.12,20.50,3.46,3.40
19548098,1.7625,33.12,20.50,3.46,3.40
19548619,1.7625,33.12,20.50,3.46,3.40
19549119,1.7625,33.12,20.50,3.46,3.40
19549618,1.7625,33.12,20.50,3.46,3.40
19550118,1.7625,33.12,19.75,3.46,3.40
19550618,1.7625,33.12,19.75,3.46,3.40
19551118,1.7625,33.12,19.75,3.46,3.40
19551618,1.7625,33.12,19.75,3.46,3.40
19552119,1.7625,33.12,19.25,3.46,3.40
19552618,1.7625,33.12,19.25,3.46,3.40
19553118,1.7625,33.12,19.25,3.46,3.39
19553618,1.7625,33.12,19.25,3.46,3.39
19554119,1.7625,33.12,20.75,3.46,3.39
19554618,1.7625,33.12,20.75,3.46,3.39
19555119,1.7625,33.12,20.75,3.46,3.39
19555618,1.7625,33.12,20.75,3.46,3.39
19556118,1.7625,33.12,20.75,3.46,3.39
19556618,1.7625,33.12,20.75,3.46,3.39
19557118,1.7625,33.12,20.75,3.46,3.39
19557618,1.7625,33.12,20.75,3.46,3.39
19558118,1.7625,33.12,20.50,3.46,3.39
19558618,1.7625,33.12,20.50,3.46,3.39
19559118,1.7613,33.23,20.50,3.46,3.39
19559618,1.7613,33.23,20.50,3.46,3.39
19560118,1.7625,33.12,20.50,3.46,3.39
19560618,1.7625,33.12,19.00,3.46,3.39
19561118,1.7613,33.23,19.00,3.44,3.39
19561618,1.7625,33.12,19.00,3.44,3.39
19562118,1.7613,33.23,19.00,3.44,3.39
19562618,1.7613,33.23,20.75,3.44,3.39
19563118,1.7625,33.12,20.75,3.46,3.38
19563618,1.7613,33.23,20.75,3.46,3.38
19564118,1.7613,33.23,20.75,3.46,3.38
19564618,1.7613,33.23,20.50,3.46,3.38
19565118,1.7613,33.23,20.50,3.46,3.38
19565618,1.7613,33.23,20.50,3.46,3.38
19566118,1.7613,33.23,20.50,3.46,3.38
19566618,1.7613,33.23,20.50,3.46,3.38
19567119,1.7613,33.23,20.50,3.44,3.38
19567618,1.7613,33.23,20.50,3.44,3.38
19568119,1.7613,33.23,20.50,3.44,3.38
19568618,1.7613,33.23,20.50,3.44,3.38
19569118,1.7613,33.23,19.25,3.46,3.38
19569618,1.7613,33.23,19.25,3.46,3.38
19570118,1.7613,33.23,19.25,3.46,3.38
19570618,1.7613,33.23,19.25,3.46,3.38
19571118,1.7613,33.23,20.25,3.44,3.38
19571618,1.7613,33.23,20.25,3.44,3.38
19572119,1.7613,33.23,20.25,3.44,3.38
19572618,1.7613,33.23,20.25,3.44,3.38
19573118,1.7613,33.23,20.75,3.46,3.38
19573619,1.7613,33.23,20.75,3.46,3.38
19574118,1.7613,33.23,20.75,3.46,3.38
19574618,1.7613,33.23,20.75,3.46,3.38
19575119,1.7613,33.23,20.75,3.46,3.38
19575618,1.7613,33.23,20.75,3.46,3.38
19576128,1.7613,33.23,20.75,3.46,3.38
19576627,1.7613,33.23,20.75,3.46,3.38
19577137,1.7613,33.23,20.75,3.46,3.38
19577638,1.7613,33.23,20.75,3.46,3.38
19578137,1.7613,33.23,20.75,3.46,3.38
19578637,1.7613,33.23,20.75,3.46,3.38
19579137,1.7613,33.23,20.75,3.46,3.38
19579637,1.7613,33.23,19.75,3.46,3.38
19580137,1.7613,33.23,19.75,3.46,3.38
19580637,1.7613,33.23,19.75,3.46,3.38
19581137,1.7613,33.23,19.75,3.46,3.38
19581638,1.7613,33.23,19.00,3.46,3.37
19582137,1.7613,33.23,19.00,3.46,3.37
19582637,1.7613,33.23,19.00,3.46,3.37
19583137,1.7600,33.26,19.00,3.46,3.37
19583638,1.7613,33.23,20.50,3.46,3.37
19584137,1.7600,33.33,20.50,3.46,3.37
19584637,1.7613,33.23,20.50,3.46,3.37
19585137,1.7600,33.33,20.50,3.46,3.37
19585637,1.7600,33.33,21.00,3.44,3.37
19586137,1.7600,33.33,21.00,3.44,3.37
19586637,1.7600,33.33,21.00,3.44,3.37
19587137,1.7600,33.33,21.00,3.44,3.37
19587638,1.7600,33.33,21.00,3.46,3.37
19588137,1.7600,33.33,19.75,3.46,3.37
19588637,1.7600,33.33,19.75,3.46,3.37
19589137,1.7600,33.33,19.75,3.46,3.37
19589638,1.7600,33.33,19.75,3.46,3.37
19590137,1.7600,33.33,20.75,3.46,3.37
19590637,1.7600,33.33,20.75,3.46,3.37
19591137,1.7600,33.33,20.75,3.46,3.37
19591638,1.7600,33.33,20.75,3.46,3.37
19592137,1.7600,33.33,20.75,3.46,3.37
19592637,1.7600,33.33,20.75,3.46,3.37
19593137,1.7600,33.33,20.75,3.46,3.37
19593638,1.7600,33.33,20.75,3.46,3.36
19594137,1.7600,33.33,21.00,3.46,3.36
19594637,1.7600,33.33,21.00,3.46,3.36
19595137,1.7600,33.33,21.00,3.46,3.36
19595637,1.7600,33.33,21.00,3.44,3.36
19596137,1.7600,33.33,21.00,3.44,3.36
19596637,1.7600,33.33,19.75,3.44,3.36
19597137,1.7600,33.33,19.75,3.44,3.36
19597636,1.7600,33.33,19.75,3.46,3.36
19598137,1.7600,33.33,19.75,3.46,3.36
19598637,1.7600,33.33,20.25,3.46,3.36
19599137,1.7600,33.33,20.25,3.46,3.36
19599638,1.7600,33.33,20.25,3.46,3.36
19600137,1.7600,33.33,20.25,3.46,3.36
19600637,1.7600,33.33,20.50,3.46,3.36
19601137,1.7600,33.33,20.50,3.46,3.36
19601644,1.7587,33.44,20.50,3.46,3.36
19602143,1.7600,33.33,20.50,3.46,3.36
19602643,1.7600,33.33,21.00,3.46,3.36
19603143,1.7600,33.33,21.00,3.46,3.36
19603643,1.7587,33.44,21.00,3.46,3.36
19604143,1.7587,33.44,21.00,3.46,3.36
19604643,1.7587,33.44,19.50,3.46,3.36
19605143,1.7587,33.44,19.50,3.46,3.36
19605643,1.7587,33.44,19.50,3.46,3.36
19606143,1.7587,33.44,19.50,3.46,3.36
19606643,1.7587,33.44,19.50,3.46,3.36
19607143,1.7587,33.44,19.50,3.46,3.36
19607643,1.7587,33.44,19.50,3.46,3.36
19608143,1.7587,33.44,19.50,3.46,3.36
19608643,1.7587,33.44,19.50,3.46,3.36
19609143,1.7587,33.44,20.75,3.46,3.36
19609643,1.7587,33.44,20.75,3.46,3.36
19610143,1.7587,33.44,20.75,3.46,3.36
19610643,1.7587,33.44,20.75,3.46,3.36
19611143,1.7587,33.44,20.75,3.46,3.36
19611643,1.7587,33.44,20.75,3.46,3.36
19612143,1.7587,33.44,20.75,3.46,3.35
19612649,1.7587,33.44,20.75,3.46,3.35
19613148,1.7587,33.44,20.50,3.46,3.35
19613648,1.7587,33.44,20.50,3.46,3.35
19614148,1.7587,33.44,20.50,3.46,3.35
19614648,1.7587,33.44,20.50,3.46,3.35
19615148,1.7587,33.44,20.75,3.46,3.35
19615648,1.7587,33.44,20.75,3.46,3.35
19616149,1.7587,33.44,20.75,3.44,3.35
19616648,1.7587,33.44,20.75,3.44,3.35
19617148,1.7587,33.44,20.75,3.44,3.35
19617648,1.7587,33.44,19.50,3.44,3.35
19618148,1.7587,33.44,19.50,3.44,3.35
19618648,1.7587,33.44,19.50,3.44,3.35
19619148,1.7587,33.44,19.50,3.44,3.35
19619648,1.7575,33.54,20.25,3.44,3.35
19620149,1.7587,33.44,20.25,3.46,3.35
19620648,1.7587,33.44,20.25,3.46,3.35
19621148,1.7587,33.44,20.25,3.46,3.35
19621648,1.7587,33.44,20.75,3.46,3.35
19622149,1.7587,33.44,20.75,3.46,3.35
19622648,1.7575,33.54,20.75,3.46,3.35
19623148,1.7575,33.54,20.75,3.46,3.35
19623648,1.7575,33.54,20.75,3.46,3.35
19624149,1.7575,33.54,20.75,3.46,3.35
19624648,1.7575,33.54,20.75,3.46,3.35
19625148,1.7575,33.54,20.75,3.46,3.35
19625648,1.7575,33.54,20.25,3.46,3.35
19626148,1.7575,33.54,20.25,3.46,3.34
19626648,1.7575,33.54,20.25,3.46,3.34
19627149,1.7575,33.54,20.25,3.46,3.34
19627648,1.7575,33.54,20.25,3.46,3.34
19628148,1.7575,33.54,19.50,3.46,3.34
19628648,1.7575,33.54,19.50,3.46,3.34
19629148,1.7575,33.54,19.50,3.46,3.34
19629648,1.7575,33.54,19.50,3.46,3.34
19630162,1.7575,33.54,20.50,3.46,3.34
19630661,1.7575,33.54,20.50,3.46,3.34
19631161,1.7575,33.54,20.50,3.46,3.34
19631661,1.7575,33.54,20.50,3.46,3.34
19632161,1.7575,33.54,20.75,3.46,3.34
19632662,1.7575,33.54,20.75,3.46,3.34
19633161,1.7575,33.54,20.75,3.46,3.34
19633661,1.7575,33.54,20.75,3.46,3.34
19634162,1.7575,33.54,20.75,3.46,3.34
19634661,1.7575,33.54,20.75,3.46,3.34
19635161,1.7575,33.54,20.75,3.46,3.34
19635661,1.7575,33.54,20.75,3.46,3.34
19636161,1.7575,33.54,20.75,3.46,3.34
19636661,1.7575,33.54,20.75,3.46,3.34
19637161,1.7575,33.54,20.75,3.46,3.34
19637661,1.7575,33.54,20.75,3.46,3.34
19638162,1.7575,33.54,20.75,3.46,3.34
19638661,1.7575,33.54,20.00,3.46,3.34
19639161,1.7575,33.54,20.00,3.46,3.34
19639661,1.7575,33.54,20.00,3.46,3.34
19640161,1.7575,33.54,20.00,3.46,3.34
19640661,1.7575,33.54,20.25,3.44,3.34
19641161,1.7575,33.54,20.25,3.44,3.34
19641661,1.7563,33.65,20.25,3.44,3.34
19642161,1.7575,33.54,20.25,3.44,3.34
19642662,1.7563,33.65,21.00,3.46,3.34
19643161,1.7563,33.65,21.00,3.46,3.34
19643661,1.7563,33.65,21.00,3.46,3.34
19644161,1.7563,33.65,21.00,3.46,3.34
19644661,1.7563,33.65,21.00,3.46,3.33
19645161,1.7563,33.65,21.00,3.46,3.33
19645661,1.7563,33.65,21.00,3.46,3.33
19646170,1.7563,33.65,21.00,3.46,3.33
19646670,1.7563,33.65,21.00,3.46,3.33
19647170,1.7563,33.65,20.75,3.46,3.33
19647671,1.7563,33.65,20.75,3.46,3.33
19648170,1.7563,33.65,20.75,3.46,3.33
19648670,1.7563,33.65,20.75,3.44,3.33
19649170,1.7563,33.65,21.00,3.44,3.33
19649670,1.7563,33.65,21.00,3.44,3.33
19650170,1.7563,33.65,21.00,3.44,3.33
19650670,1.7563,33.65,21.00,3.46,3.33
19651170,1.7563,33.65,21.00,3.46,3.33
19651671,1.7563,33.65,21.00,3.46,3.33
19652170,1.7563,33.65,21.00,3.46,3.33
19652670,1.7563,33.65,21.00,3.46,3.33
19653171,1.7563,33.65,20.50,3.46,3.33
19653670,1.7563,33.65,20.50,3.46,3.33
19654170,1.7563,33.65,20.50,3.46,3.33
19654671,1.7563,33.65,20.50,3.46,3.32
19655170,1.7563,33.65,20.50,3.46,3.32
19655670,1.7563,33.65,19.50,3.46,3.32
19656170,1.7563,33.65,19.50,3.46,3.32
19656670,1.7563,33.65,19.50,3.44,3.32
19657171,1.7550,33.75,19.50,3.44,3.32
19657670,1.7563,33.65,21.00,3.44,3.32
19658170,1.7550,33.75,21.00,3.44,3.32
19658691,1.7563,33.65,21.00,3.46,3.32
19659190,1.7563,33.65,21.00,3.46,3.32
19659691,1.7550,33.75,21.00,3.46,3.32
19660190,1.7563,33.65,21.00,3.46,3.32
19660691,1.7563,33.65,21.00,3.46,3.32
19661191,1.7550,33.75,21.00,3.46,3.32
19661690,1.7550,33.75,21.00,3.46,3.32
19662190,1.7550,33.75,21.00,3.46,3.32
19662690,1.7550,33.75,21.00,3.46,3.32
19663190,1.7550,33.75,21.00,3.46,3.32
19663690,1.7550,33.75,20.75,3.46,3.32
19664190,1.7550,33.75,20.75,3.46,3.32
19664691,1.7550,33.75,20.75,3.46,3.32
19665190,1.7550,33.75,20.75,3.46,3.32
19665690,1.7550,33.75,20.75,3.46,3.32
19666190,1.7550,33.75,19.50,3.46,3.32
19666690,1.7550,33.75,19.50,3.46,3.32
19667190,1.7550,33.75,19.50,3.46,3.32
19667691,1.7550,33.75,19.50,3.46,3.32
19668190,1.7550,33.75,20.25,3.46,3.32
19668690,1.7550,33.75,20.25,3.46,3.32
19669191,1.7550,33.75,20.25,3.46,3.32
19669691,1.7550,33.75,20.25,3.46,3.32
19670190,1.7550,33.75,20.75,3.46,3.32
19670690,1.7550,33.75,20.75,3.46,3.32
19671191,1.7550,33.75,20.75,3.46,3.32
19671690,1.7550,33.75,20.75,3.46,3.32
19672190,1.7550,33.75,20.50,3.46,3.32
19672690,1.7550,33.75,20.50,3.46,3.32
19673190,1.7550,33.75,20.50,3.46,3.32
19673690,1.7550,33.75,20.50,3.46,3.32
19674190,1.7550,33.75,20.50,3.46,3.32
19674691,1.7550,33.75,19.75,3.46,3.32
19675191,1.7537,33.85,19.75,3.46,3.31
19675690,1.7550,33.75,19.75,3.46,3.31
19676190,1.7537,33.85,19.75,3.46,3.31
19676690,1.7550,33.75,20.50,3.46,3.31
19677190,1.7550,33.75,20.50,3.46,3.31
19677690,1.7537,33.85,20.50,3.46,3.31
19678190,1.7537,33.85,20.50,3.46,3.31
19678691,1.7537,33.85,20.50,3.46,3.31
19679190,1.7537,33.85,20.50,3.46,3.31
19679690,1.7537,33.85,20.50,3.46,3.31
19680190,1.7537,33.85,20.50,3.46,3.31
19680690,1.7537,33.85,20.50,3.46,3.31
19681191,1.7537,33.85,20.50,3.44,3.31
19681690,1.7537,33.85,20.50,3.44,3.31
19682190,1.7537,33.85,20.50,3.44,3.31
19682693,1.7537,33.85,20.75,3.44,3.31
19683192,1.7537,33.85,20.75,3.46,3.31
19683692,1.7537,33.85,20.75,3.46,3.31
19684192,1.7537,33.85,20.75,3.46,3.31
19684692,1.7537,33.85,20.75,3.46,3.31
19685192,1.7537,33.85,19.75,3.46,3.31
19685692,1.7537,33.85,19.75,3.46,3.31
19686193,1.7537,33.85,19.75,3.46,3.31
19686692,1.7537,33.85,19.75,3.46,3.31
19687211,1.7537,33.85,20.75,3.46,3.30
19687710,1.7537,33.85,20.75,3.46,3.30
19688211,1.7537,33.85,20.75,3.46,3.30
19688710,1.7537,33.85,20.75,3.46,3.30
19689211,1.7537,33.85,20.25,3.46,3.30
19689710,1.7537,33.85,20.25,3.46,3.30
19690210,1.7537,33.85,20.25,3.46,3.30
19690710,1.7537,33.85,20.25,3.46,3.30
19691210,1.7537,33.85,21.00,3.46,3.30
19691710,1.7525,33.96,21.00,3.46,3.30
19692211,1.7525,33.96,21.00,3.46,3.30
19692710,1.7525,33.96,21.00,3.46,3.30
19693210,1.7525,33.96,21.00,3.46,3.30
19693710,1.7525,33.96,21.00,3.46,3.30
19694210,1.7525,33.96,21.00,3.46,3.30
19694710,1.7525,33.96,21.00,3.46,3.30
19695210,1.7525,33.96,21.00,3.46,3.30
19695710,1.7525,33.96,19.50,3.44,3.30
19696210,1.7525,33.96,19.50,3.44,3.30
19696710,1.7525,33.96,19.50,3.44,3.30
19697210,1.7525,33.96,19.50,3.44,3.30
19697710,1.7525,33.96,20.75,3.46,3.30
19698210,1.7525,33.96,20.75,3.46,3.30
19698710,1.7525,33.96,20.75,3.46,3.30
19699210,1.7525,33.96,20.75,3.46,3.30
19699710,1.7525,33.96,20.75,3.46,3.30
19700211,1.7525,33.96,20.75,3.46,3.30
19700710,1.7525,33.96,20.75,3.46,3.30
19701211,1.7525,33.96,20.75,3.46,3.30
19701711,1.7525,33.96,20.75,3.46,3.30
19702211,1.7525,33.96,20.75,3.46,3.30
19702710,1.7525,33.96,20.75,3.46,3.30
19703210,1.7525,33.96,20.75,3.46,3.30
19703710,1.7525,33.96,20.75,3.46,3.30
19704210,1.7525,33.96,21.00,3.46,3.30
19704710,1.7525,33.96,21.00,3.46,3.30
19705210,1.7525,33.96,21.00,3.46,3.30
19705710,1.7525,33.96,21.00,3.46,3.30
19706211,1.7525,33.96,20.75,3.46,3.30
19706710,1.7525,33.96,20.75,3.46,3.30
19707210,1.7525,33.96,20.75,3.46,3.30
19707710,1.7513,34.06,20.75,3.44,3.29
19708210,1.7513,34.06,21.00,3.44,3.29
19708710,1.7513,34.06,21.00,3.44,3.29
19709210,1.7513,34.06,21.00,3.44,3.29
19709710,1.7525,33.96,21.00,3.46,3.29
19710210,1.7513,34.06,20.50,3.46,3.29
19710710,1.7513,34.06,20.50,3.46,3.29
19711210,1.7513,34.06,20.50,3.46,3.29
19711711,1.7513,34.06,20.50,3.44,3.29
19712210,1.7513,34.06,19.50,3.44,3.29
19712710,1.7513,34.06,19.50,3.44,3.29
19713211,1.7513,34.06,19.50,3.44,3.29
19713737,1.7513,34.06,19.50,3.46,3.29
19714236,1.7513,34.06,19.50,3.46,3.29
19714736,1.7513,34.06,19.75,3.46,3.29
19715236,1.7513,34.06,19.75,3.46,3.29
19715736,1.7513,34.06,19.75,3.46,3.29
19716236,1.7513,34.06,19.75,3.46,3.29
19716736,1.7513,34.06,20.00,3.46,3.29
19717236,1.7513,34.06,20.00,3.46,3.29
19717737,1.7513,34.06,20.00,3.46,3.29
19718236,1.7513,34.06,20.00,3.46,3.29
19718736,1.7513,34.06,20.75,3.46,3.29
19719237,1.7513,34.06,20.75,3.46,3.29
19719736,1.7513,34.06,20.75,3.46,3.29
19720245,1.7513,34.06,20.75,3.46,3.28
19720745,1.7513,34.06,21.00,3.46,3.28
19721245,1.7513,34.06,21.00,3.46,3.28
19721745,1.7513,34.06,21.00,3.46,3.28
19722245,1.7513,34.06,21.00,3.44,3.28
19722745,1.7513,34.06,20.50,3.44,3.28
19723245,1.7513,34.06,20.50,3.44,3.28
19723745,1.7500,34.17,20.50,3.44,3.28
19724245,1.7500,34.17,20.50,3.44,3.28
19724745,1.7513,34.06,20.50,3.44,3.28
19725245,1.7500,34.17,19.50,3.44,3.28
19725744,1.7500,34.17,19.50,3.44,3.28
19726245,1.7500,34.17,19.50,3.46,3.28
19726745,1.7500,34.17,19.50,3.46,3.28
19727245,1.7500,34.17,20.50,3.46,3.28
19727745,1.7500,34.17,20.50,3.46,3.28
19728245,1.7500,34.17,20.50,3.46,3.28
19728745,1.7500,34.17,20.50,3.46,3.28
19729245,1.7500,34.17,21.00,3.46,3.28
19729745,1.7500,34.17,21.00,3.46,3.28
19730245,1.7500,34.17,21.00,3.46,3.28
19730745,1.7500,34.17,21.00,3.46,3.28
19731245,1.7500,34.17,20.75,3.46,3.28
19731746,1.7500,34.17,20.75,3.46,3.28
19732245,1.7500,34.17,20.75,3.46,3.28
19732745,1.7500,34.17,20.75,3.46,3.28
19733245,1.7500,34.17,21.00,3.46,3.28
19733745,1.7500,34.17,21.00,3.46,3.28
19734245,1.7500,34.17,21.00,3.46,3.28
19734745,1.7500,34.17,21.00,3.46,3.28
19735245,1.7500,34.17,21.00,3.46,3.28
19735746,1.7500,34.17,19.25,3.46,3.28
19736245,1.7500,34.17,19.25,3.46,3.28
19736746,1.7500,34.17,19.25,3.46,3.28
19737245,1.7500,34.17,19.25,3.46,3.28
19737745,1.7500,34.17,20.75,3.46,3.28
19738245,1.7500,34.17,20.75,3.46,3.27
19738745,1.7500,34.17,20.75,3.46,3.27
19739245,1.7500,34.17,20.75,3.46,3.27
19739745,1.7500,34.17,20.50,3.46,3.27
19740245,1.7500,34.17,20.50,3.46,3.27
19740746,1.7500,34.17,20.50,3.46,3.27
19741245,1.7500,34.17,20.50,3.46,3.27
19741745,1.7500,34.17,20.50,3.46,3.27
19742251,1.7487,34.27,20.50,3.46,3.27
19742750,1.7500,34.17,20.50,3.46,3.27
19743251,1.7487,34.27,20.50,3.46,3.27
19743750,1.7487,34.27,20.75,3.46,3.27
19744250,1.7487,34.27,20.75,3.46,3.27
19744751,1.7487,34.27,20.75,3.46,3.27
19745250,1.7487,34.27,20.75,3.46,3.27
19745750,1.7487,34.27,20.75,3.46,3.27
19746250,1.7487,34.27,19.75,3.46,3.27
19746751,1.7487,34.27,19.75,3.46,3.27
19747250,1.7487,34.27,19.75,3.46,3.27
19747750,1.7487,34.27,19.75,3.46,3.27
19748250,1.7487,34.27,21.00,3.46,3.27
19748751,1.7487,34.27,21.00,3.46,3.27
19749250,1.7487,34.27,21.00,3.46,3.27
19749750,1.7487,34.27,21.00,3.46,3.27
19750250,1.7487,34.27,20.00,3.46,3.27
19750750,1.7487,34.27,20.00,3.46,3.26
19751250,1.7487,34.27,20.00,3.46,3.26
19751750,1.7487,34.27,20.00,3.46,3.26
19752250,1.7487,34.27,20.75,3.46,3.26
19752751,1.7487,34.27,20.75,3.44,3.26
19753250,1.7487,34.27,20.75,3.44,3.26
19753750,1.7487,34.27,20.75,3.44,3.26
19754250,1.7475,34.38,21.00,3.44,3.26
19754750,1.7487,34.27,21.00,3.46,3.26
19755250,1.7487,34.27,21.00,3.46,3.26
19755750,1.7487,34.27,21.00,3.46,3.26
19756251,1.7475,34.38,21.00,3.46,3.26
19756751,1.7487,34.27,19.75,3.46,3.26
19757250,1.7475,34.38,19.75,3.46,3.26
19757750,1.7475,34.38,19.75,3.46,3.26
19758250,1.7475,34.38,19.75,3.46,3.26
19758750,1.7475,34.38,20.50,3.46,3.26
19759250,1.7475,34.38,20.50,3.46,3.26
19759758,1.7475,34.38,20.50,3.46,3.26
19760258,1.7475,34.38,20.50,3.46,3.26
19760759,1.7475,34.38,20.75,3.46,3.26
19761258,1.7475,34.38,20.75,3.46,3.26
19761758,1.7475,34.38,20.75,3.46,3.26
19762258,1.7475,34.38,20.75,3.46,3.26
19762758,1.7475,34.38,20.75,3.46,3.26
19763258,1.7475,34.38,20.75,3.46,3.26
19763758,1.7475,34.38,20.75,3.46,3.26
19764258,1.7475,34.38,20.75,3.46,3.26
19764779,1.7475,34.38,20.75,3.44,3.26
19765279,1.7475,34.38,20.75,3.44,3.26
19765779,1.7475,34.38,20.75,3.44,3.26
19766279,1.7475,34.38,20.75,3.44,3.26
19766779,1.7475,34.38,20.75,3.44,3.26
19767279,1.7475,34.38,19.75,3.46,3.26
19767780,1.7475,34.38,19.75,3.46,3.26
19768279,1.7463,34.48,19.75,3.46,3.26
19768779,1.7463,34.48,19.75,3.46,3.26
19769279,1.7463,34.48,21.00,3.46,3.26
19769779,1.7463,34.48,21.00,3.46,3.26
19770279,1.7463,34.48,21.00,3.46,3.26
19770779,1.7463,34.48,21.00,3.46,3.26
19771279,1.7463,34.48,21.00,3.46,3.25
19771779,1.7463,34.48,21.00,3.46,3.25
19772279,1.7463,34.48,21.00,3.46,3.25
19772779,1.7463,34.48,21.00,3.46,3.25
19773280,1.7463,34.48,21.00,3.39,3.25
19773779,1.7463,34.48,21.00,3.39,3.25
19774279,1.7463,34.48,21.00,3.39,3.25
19774779,1.7463,34.48,21.00,3.39,3.25
19775280,1.7463,34.48,21.00,3.46,3.25
19775779,1.7463,34.48,20.75,3.46,3.25
19776279,1.7463,34.48,20.75,3.46,3.25
19776779,1.7463,34.48,20.75,3.46,3.25
19777280,1.7463,34.48,20.75,3.46,3.25
19777779,1.7463,34.48,20.50,3.46,3.25
19778280,1.7463,34.48,20.50,3.46,3.25
19778779,1.7463,34.48,20.50,3.46,3.25
19779280,1.7463,34.48,20.50,3.46,3.25
19779779,1.7463,34.48,20.25,3.46,3.25
19780279,1.7463,34.48,20.25,3.46,3.25
19780779,1.7463,34.48,20.25,3.46,3.25
19781279,1.7463,34.48,20.25,3.46,3.25
19781779,1.7463,34.48,20.25,3.46,3.25
19782279,1.7463,34.48,20.25,3.46,3.25
19782779,1.7463,34.48,20.25,3.46,3.25
19783280,1.7463,34.48,20.25,3.46,3.24
19783780,1.7463,34.48,20.25,3.46,3.24
19784280,1.7450,34.58,19.25,3.46,3.24
19784779,1.7463,34.48,19.25,3.46,3.24
19785287,1.7463,34.48,19.25,3.46,3.24
19785786,1.7450,34.58,19.25,3.46,3.24
19786286,1.7450,34.58,21.00,3.46,3.24
19786786,1.7450,34.58,21.00,3.46,3.24
19787286,1.7450,34.58,21.00,3.46,3.24
19787787,1.7450,34.58,21.00,3.46,3.24
19788286,1.7450,34.58,20.25,3.46,3.24
19788786,1.7450,34.58,20.25,3.46,3.24
19789286,1.7450,34.58,20.25,3.46,3.24
19789786,1.7450,34.58,20.25,3.46,3.24
19790286,1.7450,34.58,20.75,3.46,3.24
19790786,1.7450,34.58,20.75,3.46,3.24
19791287,1.7450,34.58,20.75,3.46,3.24
19791787,1.7450,34.58,20.75,3.46,3.24
19792287,1.7450,34.58,20.25,3.46,3.24
19792786,1.7450,34.58,20.25,3.46,3.24
19793287,1.7450,34.58,20.25,3.46,3.24
19793786,1.7450,34.58,20.25,3.46,3.24
19794287,1.7450,34.58,20.25,3.46,3.24
19794786,1.7450,34.58,19.75,3.46,3.24
19795286,1.7450,34.58,19.75,3.46,3.24
19795786,1.7450,34.58,19.75,3.44,3.24
19796292,1.7450,34.58,19.75,3.44,3.24
19796791,1.7450,34.58,20.50,3.44,3.24
19797291,1.7450,34.58,20.50,3.44,3.24
19797792,1.7450,34.58,20.50,3.46,3.24
19798291,1.7450,34.58,20.50,3.46,3.24
19798791,1.7437,34.69,20.75,3.46,3.24
19799291,1.7437,34.69,20.75,3.46,3.24
19799792,1.7437,34.69,20.75,3.46,3.24
19800291,1.7437,34.69,20.75,3.46,3.24
19800791,1.7450,34.58,20.25,3.46,3.24
19801291,1.7437,34.69,20.25,3.46,3.24
19801791,1.7437,34.69,20.25,3.46,3.23
19802291,1.7437,34.69,20.25,3.46,3.23
19802792,1.7437,34.69,20.25,3.46,3.23
19803291,1.7437,34.69,19.50,3.46,3.23
19803791,1.7437,34.69,19.50,3.46,3.23
19804291,1.7437,34.69,19.50,3.46,3.23
19804792,1.7437,34.69,19.50,3.46,3.23
19805292,1.7437,34.69,21.00,3.46,3.23
19805791,1.7437,34.69,21.00,3.46,3.23
19806292,1.7437,34.69,21.00,3.46,3.23
19806792,1.7437,34.69,21.00,3.46,3.23
19807291,1.7437,34.69,20.75,3.46,3.23
19807791,1.7437,34.69,20.75,3.46,3.23
19808291,1.7437,34.69,20.75,3.46,3.23
19808792,1.7437,34.69,20.75,3.46,3.23
19809291,1.7437,34.69,20.75,3.46,3.23
19809791,1.7437,34.69,20.75,3.46,3.23
19810291,1.7437,34.69,20.75,3.46,3.23
19810792,1.7437,34.69,20.75,3.46,3.23
19811291,1.7437,34.69,20.75,3.46,3.23
19811792,1.7437,34.69,20.75,3.46,3.23
19812291,1.7425,34.79,20.75,3.46,3.23
19812791,1.7425,34.79,20.75,3.46,3.23
19813292,1.7425,34.79,20.75,3.46,3.23
19813802,1.7425,34.79,19.50,3.46,3.22
19814301,1.7425,34.79,19.50,3.46,3.22
19814801,1.7425,34.79,19.50,3.46,3.22
19815301,1.7425,34.79,19.50,3.46,3.22
19815801,1.7425,34.79,20.75,3.46,3.22
19816301,1.7425,34.79,20.75,3.46,3.22
19816802,1.7425,34.79,20.75,3.46,3.22
19817301,1.7425,34.79,20.75,3.46,3.22
19817801,1.7425,34.79,21.00,3.46,3.22
19818301,1.7425,34.79,21.00,3.43,3.22
19818801,1.7425,34.79,21.00,3.43,3.22
19819301,1.7425,34.79,21.00,3.43,3.22
19819801,1.7425,34.79,20.25,3.43,3.22
19820301,1.7425,34.79,20.25,3.46,3.22
19820802,1.7425,34.79,20.25,3.46,3.22
19821301,1.7425,34.79,20.25,3.46,3.22
19821802,1.7425,34.79,19.25,3.46,3.22
19822301,1.7425,34.79,19.25,3.46,3.22
19822802,1.7425,34.79,19.25,3.46,3.22
19823301,1.7425,34.79,19.25,3.46,3.22
19823801,1.7425,34.79,19.25,3.46,3.22
19824301,1.7425,34.79,19.75,3.46,3.22
19824801,1.7425,34.79,19.75,3.46,3.22
19825301,1.7413,34.90,19.75,3.46,3.22
19825801,1.7413,34.86,19.75,3.46,3.22
19826301,1.7413,34.90,20.50,3.46,3.22
19826801,1.7413,34.90,20.50,3.46,3.22
19827301,1.7413,34.90,20.50,3.46,3.22
19827801,1.7413,34.90,20.50,3.46,3.22
19828301,1.7413,34.90,20.75,3.44,3.22
19828804,1.7413,34.90,20.75,3.44,3.22
19829303,1.7413,34.90,20.75,3.44,3.22
19829803,1.7413,34.90,20.75,3.44,3.22
19830303,1.7413,34.90,20.75,3.46,3.21
19830803,1.7413,34.90,20.75,3.46,3.21
19831303,1.7413,34.90,20.75,3.46,3.21
19831803,1.7413,34.90,20.75,3.46,3.21
19832303,1.7413,34.90,20.75,3.46,3.21
19832803,1.7413,34.90,20.75,3.46,3.21
19833304,1.7413,34.90,20.75,3.46,3.21
19833803,1.7413,34.90,20.75,3.46,3.21
19834303,1.7413,34.90,20.75,3.46,3.21
19834803,1.7413,34.90,20.75,3.46,3.21
19835304,1.7413,34.90,20.75,3.46,3.21
19835803,1.7413,34.90,20.75,3.46,3.21
19836304,1.7413,34.90,20.75,3.46,3.21
19836803,1.7413,34.90,20.75,3.46,3.21
19837303,1.7413,34.90,20.75,3.46,3.21
19837803,1.7413,34.90,20.75,3.46,3.21
19838303,1.7413,34.90,20.75,3.46,3.21
19838803,1.7400,35.00,21.00,3.46,3.21
19839303,1.7400,35.00,21.00,3.46,3.21
19839803,1.7400,35.00,21.00,3.46,3.21
19840304,1.7413,34.98,21.00,3.46,3.20
19840803,1.7400,35.00,20.50,3.46,3.20
19841303,1.7413,34.90,20.50,3.46,3.20
19841803,1.7400,35.00,20.50,3.46,3.20
19842330,1.7400,35.00,20.50,3.46,3.20
19842829,1.7400,35.00,20.50,3.46,3.20
19843329,1.7400,35.00,19.50,3.46,3.20
19843829,1.7400,35.00,19.50,3.46,3.20
19844329,1.7400,35.00,19.50,3.46,3.20
19844829,1.7400,35.00,19.50,3.44,3.20
19845330,1.7400,35.00,20.00,3.44,3.20
19845829,1.7400,35.00,20.00,3.44,3.20
19846329,1.7400,35.00,20.00,3.44,3.20
19846829,1.7400,35.00,20.00,3.46,3.20
19847329,1.7400,35.00,20.50,3.46,3.20
19847829,1.7400,35.00,20.50,3.46,3.20
19848329,1.7400,35.00,20.50,3.46,3.20
19848830,1.7400,35.00,20.50,3.46,3.20
19849329,1.7400,35.00,20.50,3.46,3.20
19849829,1.7400,35.00,20.50,3.46,3.20
19850329,1.7400,35.00,20.50,3.46,3.20
19850830,1.7387,35.02,20.50,3.46,3.20
19851329,1.7387,35.10,20.75,3.46,3.20
19851829,1.7400,35.00,20.75,3.46,3.20
19852329,1.7387,35.10,20.75,3.46,3.20
19852829,1.7387,35.10,20.75,3.46,3.20
19853329,1.7387,35.10,20.75,3.46,3.20
19853827,1.7387,35.10,19.75,3.46,3.20
19854330,1.7387,35.10,19.75,3.46,3.20
19854830,1.7387,35.10,19.75,3.46,3.20
19855330,1.7387,35.10,19.75,3.46,3.20
19855829,1.7387,35.10,20.75,3.46,3.20
19856329,1.7387,35.10,20.75,3.46,3.20
19856829,1.7387,35.10,20.75,3.46,3.19
19857330,1.7387,35.10,20.75,3.46,3.19
19857830,1.7387,35.10,20.75,3.46,3.19
19858329,1.7387,35.10,20.75,3.46,3.19
19858829,1.7387,35.10,20.75,3.46,3.19
19859329,1.7387,35.10,20.75,3.46,3.19
19859829,1.7387,35.10,20.25,3.46,3.19
19860329,1.7387,35.10,20.25,3.46,3.19
19860829,1.7387,35.10,20.25,3.44,3.19
19861330,1.7387,35.10,20.25,3.44,3.19
19861830,1.7387,35.10,21.00,3.44,3.19
19862329,1.7387,35.10,21.00,3.44,3.19
19862829,1.7387,35.10,21.00,3.46,3.19
19863329,1.7387,35.10,21.00,3.46,3.19
19863829,1.7387,35.10,21.00,3.46,3.19
19864329,1.7375,35.21,19.50,3.46,3.19
19864829,1.7375,35.21,19.50,3.46,3.19
19865329,1.7375,35.21,19.50,3.46,3.19
19865829,1.7387,35.10,19.50,3.46,3.19
19866329,1.7375,35.21,20.00,3.46,3.19
19866829,1.7375,35.21,20.00,3.44,3.19
19867338,1.7375,35.21,20.00,3.44,3.19
19867837,1.7375,35.21,20.00,3.44,3.19
19868337,1.7375,35.21,21.00,3.44,3.19
19868838,1.7375,35.21,21.00,3.44,3.18
19869337,1.7375,35.21,21.00,3.44,3.18
19869837,1.7375,35.21,21.00,3.44,3.18
19870337,1.7375,35.21,20.75,3.44,3.18
19870844,1.7375,35.21,20.75,3.44,3.18
19871343,1.7375,35.21,20.75,3.44,3.18
19871843,1.7375,35.21,20.75,3.44,3.18
19872343,1.7375,35.21,20.75,3.44,3.18
19872844,1.7375,35.21,20.75,3.44,3.18
19873343,1.7375,35.21,20.75,3.46,3.18
19873843,1.7375,35.21,20.75,3.46,3.18
19874343,1.7375,35.21,20.75,3.46,3.18
19874843,1.7375,35.21,19.50,3.46,3.18
19875343,1.7375,35.21,19.50,3.46,3.18
19875843,1.7375,35.21,19.50,3.46,3.18
19876344,1.7375,35.21,19.50,3.46,3.18
19876843,1.7375,35.21,20.75,3.46,3.18
19877343,1.7363,35.31,20.75,3.46,3.18
19877843,1.7363,35.31,20.75,3.46,3.18
19878343,1.7363,35.31,20.75,3.46,3.18
19878843,1.7363,35.31,20.75,3.46,3.18
19879343,1.7375,35.21,20.75,3.44,3.18
19879843,1.7363,35.31,20.75,3.44,3.18
19880343,1.7363,35.31,20.75,3.44,3.18
19880843,1.7363,35.31,20.75,3.44,3.18
19881343,1.7363,35.31,20.75,3.46,3.18
19881843,1.7363,35.31,20.75,3.46,3.18
19882343,1.7363,35.31,20.75,3.46,3.18
19882843,1.7363,35.31,20.75,3.46,3.18
19883343,1.7363,35.31,20.75,3.46,3.17
19883844,1.7363,35.31,20.75,3.46,3.17
19884343,1.7363,35.31,20.75,3.46,3.17
19884843,1.7363,35.31,20.75,3.46,3.17
19885343,1.7363,35.31,19.50,3.46,3.17
19885843,1.7363,35.31,19.50,3.46,3.17
19886343,1.7363,35.31,19.50,3.46,3.17
19886843,1.7363,35.31,19.50,3.46,3.17
19887343,1.7363,35.31,21.00,3.46,3.17
19887843,1.7363,35.31,21.00,3.46,3.17
19888343,1.7363,35.31,21.00,3.46,3.17
19888843,1.7363,35.31,21.00,3.46,3.17
19889343,1.7363,35.31,20.75,3.46,3.17
19889844,1.7363,35.31,20.75,3.46,3.17
19890343,1.7350,35.42,20.75,3.46,3.17
19890843,1.7350,35.42,20.75,3.46,3.17
19891343,1.7350,35.42,20.75,3.46,3.17
19891844,1.7350,35.42,20.75,3.46,3.17
19892343,1.7363,35.31,20.75,3.46,3.17
19892844,1.7350,35.42,20.75,3.46,3.17
19893371,1.7350,35.42,20.75,3.43,3.16
19893871,1.7350,35.42,20.75,3.43,3.16
19894371,1.7350,35.42,20.75,3.43,3.16
19894870,1.7350,35.42,20.75,3.43,3.16
19895370,1.7350,35.42,20.75,3.43,3.16
19895871,1.7350,35.42,20.75,3.46,3.16
19896370,1.7350,35.42,20.75,3.46,3.16
19896870,1.7350,35.42,20.75,3.46,3.16
19897370,1.7350,35.42,20.75,3.46,3.16
19897870,1.7350,35.42,20.50,3.44,3.16
19898371,1.7350,35.42,20.50,3.44,3.16
19898870,1.7350,35.42,20.50,3.44,3.16
19899370,1.7350,35.42,20.50,3.44,3.16
19899870,1.7350,35.42,21.00,3.43,3.16
19900370,1.7350,35.42,21.00,3.43,3.16
19900870,1.7350,35.42,21.00,3.43,3.16
19901370,1.7350,35.42,21.00,3.43,3.16
19901870,1.7350,35.42,21.00,3.46,3.16
19902370,1.7350,35.42,20.50,3.46,3.16
19902870,1.7350,35.42,20.50,3.46,3.16
19903370,1.7350,35.42,20.50,3.46,3.16
19903870,1.7350,35.42,20.50,3.46,3.16
19904370,1.7350,35.42,20.25,3.46,3.16
19904870,1.7350,35.42,20.25,3.46,3.16
19905370,1.7350,35.42,20.25,3.46,3.16
19905871,1.7337,35.52,20.25,3.46,3.15
19906370,1.7337,35.52,20.75,3.46,3.15
19906870,1.7337,35.43,20.75,3.46,3.15
19907370,1.7337,35.52,20.75,3.46,3.15
19907871,1.7337,35.52,20.75,3.46,3.15
19908370,1.7337,35.52,20.25,3.46,3.15
19908877,1.7337,35.52,20.25,3.46,3.15
19909376,1.7337,35.52,20.25,3.46,3.15
19909876,1.7337,35.52,20.25,3.46,3.15
19910377,1.7337,35.52,20.75,3.46,3.15
19910876,1.7337,35.52,20.75,3.46,3.15
19911376,1.7337,35.52,20.75,3.46,3.15
19911876,1.7337,35.52,20.75,3.46,3.15
19912377,1.7337,35.52,20.75,3.46,3.15
19912876,1.7337,35.52,19.50,3.46,3.15
19913376,1.7337,35.52,19.50,3.46,3.15
19913876,1.7337,35.52,19.50,3.46,3.14
19914376,1.7337,35.52,19.50,3.46,3.14
19914876,1.7337,35.52,21.00,3.46,3.14
19915376,1.7337,35.52,21.00,3.46,3.14
19915898,1.7337,35.52,21.00,3.46,3.14
19916397,1.7337,35.52,21.00,3.46,3.14
19916897,1.7337,35.52,20.25,3.46,3.14
19917397,1.7337,35.52,20.25,3.46,3.14
19917897,1.7337,35.52,20.25,3.46,3.14
19918398,1.7337,35.52,20.25,3.46,3.14
19918897,1.7337,35.52,20.75,3.46,3.14
19919397,1.7337,35.52,20.75,3.46,3.14
19919897,1.7325,35.62,20.75,3.46,3.14
19920397,1.7325,35.62,20.75,3.46,3.14
19920897,1.7325,35.62,20.75,3.46,3.14
19921398,1.7325,35.62,20.75,3.46,3.14
19921897,1.7325,35.62,20.75,3.46,3.14
19922397,1.7325,35.62,20.75,3.43,3.14
19922897,1.7325,35.62,20.75,3.43,3.14
19923397,1.7325,35.62,19.50,3.43,3.14
19923897,1.7325,35.62,19.50,3.43,3.14
19924398,1.7325,35.62,19.50,3.46,3.14
19924897,1.7325,35.62,19.50,3.46,3.14
19925398,1.7325,35.62,20.50,3.46,3.14
19925897,1.7325,35.62,20.50,3.46,3.14
19926398,1.7325,35.62,20.50,3.44,3.13
19926897,1.7325,35.62,20.50,3.44,3.13
19927397,1.7325,35.62,20.75,3.44,3.13
19927897,1.7325,35.62,20.75,3.44,3.13
19928398,1.7325,35.62,20.75,3.46,3.13
19928897,1.7325,35.62,20.75,3.46,3.13
19929398,1.7325,35.62,21.00,3.46,3.13
19929897,1.7325,35.62,21.00,3.46,3.13
19930397,1.7325,35.62,21.00,3.46,3.13
19930897,1.7325,35.62,21.00,3.46,3.13
19931397,1.7325,35.62,21.00,3.46,3.13
19931898,1.7325,35.62,19.75,3.46,3.13
19932398,1.7325,35.62,19.75,3.46,3.13
19932897,1.7325,35.62,19.75,3.46,3.13
19933398,1.7313,35.73,19.75,3.46,3.13
19933897,1.7325,35.62,20.75,3.46,3.13
19934398,1.7325,35.62,20.75,3.46,3.12
19934897,1.7313,35.73,20.75,3.46,3.12
19935397,1.7325,35.62,20.75,3.46,3.12
19935897,1.7313,35.73,20.50,3.46,3.12
19936397,1.7325,35.62,20.50,3.43,3.12
19936897,1.7313,35.73,20.50,3.43,3.12
19937397,1.7313,35.73,20.50,3.43,3.12
19937897,1.7313,35.73,21.00,3.43,3.12
19938398,1.7313,35.73,21.00,3.46,3.12
19938897,1.7313,35.73,21.00,3.46,3.12
19939397,1.7313,35.73,21.00,3.46,3.12
19939897,1.7313,35.73,20.75,3.46,3.12
19940398,1.7313,35.73,20.75,3.43,3.12
19940897,1.7313,35.73,20.75,3.43,3.12
19941397,1.7313,35.73,20.75,3.43,3.12
19941898,1.7313,35.73,20.75,3.43,3.12
19942397,1.7313,35.73,19.50,3.43,3.12
19942897,1.7313,35.73,19.50,3.43,3.12
19943405,1.7313,35.73,19.50,3.43,3.12
19943905,1.7313,35.73,19.50,3.43,3.12
19944416,1.7313,35.73,20.50,3.46,3.11
19944915,1.7313,35.73,20.50,3.46,3.11
19945415,1.7313,35.73,20.50,3.46,3.11
19945915,1.7313,35.73,20.50,3.46,3.11
19946415,1.7313,35.73,20.50,3.46,3.11
19946915,1.7313,35.73,20.50,3.46,3.11
19947415,1.7313,35.73,20.50,3.46,3.11
19947915,1.7313,35.73,20.50,3.46,3.11
19948415,1.7313,35.73,20.75,3.46,3.11
19948915,1.7313,35.73,20.75,3.46,3.11
19949415,1.7313,35.73,20.75,3.46,3.11
19949916,1.7300,35.83,20.75,3.46,3.11
19950415,1.7313,35.73,20.50,3.46,3.11
19950915,1.7313,35.73,20.50,3.46,3.11
19951415,1.7300,35.83,20.50,3.46,3.11
19951915,1.7300,35.83,20.50,3.46,3.11
19952415,1.7300,35.83,20.50,3.46,3.11
19952916,1.7300,35.83,19.50,3.46,3.10
19953416,1.7300,35.83,19.50,3.46,3.10
19953915,1.7300,35.83,19.50,3.46,3.10
19954415,1.7300,35.83,19.50,3.46,3.10
19954916,1.7300,35.83,21.00,3.46,3.10
19955415,1.7300,35.83,21.00,3.46,3.10
19955915,1.7300,35.83,21.00,3.46,3.10
19956416,1.7300,35.83,21.00,3.46,3.10
19956915,1.7300,35.83,21.00,3.46,3.10
19957415,1.7300,35.83,21.00,3.46,3.10
19957915,1.7300,35.83,21.00,3.46,3.10
19958415,1.7300,35.83,21.00,3.46,3.10
19958915,1.7300,35.83,20.50,3.43,3.10
19959415,1.7300,35.83,20.50,3.43,3.10
19959915,1.7300,35.83,20.50,3.43,3.10
19960415,1.7300,35.83,20.50,3.43,3.10
19960915,1.7300,35.83,20.50,3.46,3.10
19961415,1.7300,35.83,20.50,3.46,3.10
19961915,1.7300,35.83,20.50,3.46,3.10
19962415,1.7300,35.83,20.50,3.46,3.10
19962915,1.7287,35.90,20.50,3.46,3.09
19963415,1.7287,35.94,19.25,3.46,3.09
19963915,1.7300,35.83,19.25,3.46,3.09
19964415,1.7287,35.94,19.25,3.46,3.09
19964915,1.7287,35.94,19.25,3.46,3.09
19965415,1.7287,35.94,21.00,3.46,3.09
19965915,1.7287,35.94,21.00,3.46,3.09
19966415,1.7287,35.94,21.00,3.46,3.09
19966916,1.7287,35.94,21.00,3.46,3.09
19967415,1.7287,35.94,20.50,3.46,3.09
19967915,1.7287,35.94,20.50,3.46,3.09
19968415,1.7287,35.94,20.50,3.46,3.09
19968916,1.7287,35.94,20.50,3.46,3.08
19969415,1.7287,35.94,20.75,3.46,3.08
19969915,1.7287,35.94,20.75,3.46,3.08
19970415,1.7287,35.94,20.75,3.46,3.08
19970915,1.7287,35.94,20.75,3.46,3.08
19971415,1.7287,35.94,20.25,3.46,3.08
19971923,1.7287,35.94,20.25,3.46,3.08
19972423,1.7287,35.94,20.25,3.46,3.08
19972933,1.7287,35.94,20.25,3.46,3.08
19973432,1.7287,35.94,20.25,3.46,3.08
19973932,1.7287,35.94,19.50,3.46,3.08
19974432,1.7287,35.94,19.50,3.46,3.08
19974932,1.7287,35.94,19.50,3.46,3.08
19975432,1.7275,36.04,19.50,3.46,3.08
19975932,1.7275,36.04,20.75,3.46,3.08
19976432,1.7275,36.04,20.75,3.46,3.08
19976932,1.7275,36.04,20.75,3.46,3.08
19977432,1.7275,36.04,20.75,3.46,3.07
19977932,1.7275,36.04,20.25,3.46,3.07
19978432,1.7275,36.04,20.25,3.46,3.07
19978932,1.7275,36.04,20.25,3.46,3.07
19979432,1.7275,36.04,20.25,3.46,3.07
19979932,1.7275,36.04,20.50,3.46,3.07
19980432,1.7275,36.04,20.50,3.46,3.07
19980932,1.7275,36.04,20.50,3.46,3.07
19981432,1.7275,36.04,20.50,3.46,3.07
19981930,1.7275,36.04,20.50,3.46,3.07
19982432,1.7275,36.04,20.50,3.46,3.07
19982932,1.7275,36.04,20.50,3.46,3.07
19983433,1.7275,36.04,20.50,3.46,3.07
19983932,1.7275,36.04,20.50,3.46,3.07
19984433,1.7275,36.04,19.25,3.46,3.07
19984932,1.7275,36.04,19.25,3.46,3.07
19985433,1.7275,36.04,19.25,3.46,3.06
19985932,1.7275,36.04,19.25,3.46,3.06
19986432,1.7275,36.04,20.25,3.46,3.06
19986932,1.7275,36.04,20.25,3.46,3.06
19987433,1.7275,36.04,20.25,3.46,3.06
19987932,1.7275,36.04,20.25,3.46,3.06
19988433,1.7263,36.15,19.25,3.46,3.06
19988932,1.7263,36.15,19.25,3.46,3.06
19989432,1.7263,36.15,19.25,3.46,3.06
19989932,1.7263,36.15,19.25,3.46,3.06
19990432,1.7263,36.15,20.75,3.46,3.06
19990932,1.7263,36.15,20.75,3.46,3.06
19991432,1.7263,36.15,20.75,3.46,3.06
19991932,1.7263,36.15,20.75,3.46,3.06
19992432,1.7263,36.15,20.75,3.46,3.06
19992932,1.7263,36.15,19.50,3.46,3.06
19993454,1.7263,36.15,19.50,3.46,3.05
19993953,1.7263,36.15,19.50,3.46,3.05
19994453,1.7263,36.15,19.50,3.46,3.05
19994953,1.7263,36.15,21.00,3.46,3.05
19995453,1.7263,36.15,21.00,3.46,3.05
19995953,1.7263,36.15,21.00,3.43,3.05
19996453,1.7263,36.15,21.00,3.43,3.05
19996953,1.7263,36.15,20.50,3.43,3.05
19997453,1.7263,36.15,20.50,3.43,3.05
19997953,1.7263,36.15,20.50,3.46,3.04
19998453,1.7263,36.15,20.50,3.46,3.04
19998953,1.7263,36.15,20.50,3.46,3.04
19999453,1.7263,36.15,20.50,3.46,3.04
19999953,1.7263,36.15,20.50,3.46,3.04
20000453,1.7263,36.15,20.50,3.46,3.04
20000954,1.7263,36.15,20.75,3.46,3.04
20001454,1.7263,36.15,20.75,3.46,3.04
20001953,1.7263,36.15,20.75,3.43,3.04
20002453,1.7250,36.25,20.75,3.43,3.04
20002953,1.7263,36.15,20.75,3.43,3.04
20003453,1.7263,36.15,19.75,3.43,3.04
20003953,1.7250,36.25,19.75,3.43,3.04
20004455,1.7250,36.25,19.75,3.43,3.04
20004955,1.7250,36.25,19.75,3.43,3.04
20005455,1.7250,36.25,20.25,3.43,3.04
20005955,1.7250,36.25,20.25,3.46,3.03
20006455,1.7250,36.25,20.25,3.46,3.03
20006956,1.7250,36.25,20.25,3.46,3.03
20007455,1.7250,36.25,20.75,3.46,3.03
20007955,1.7250,36.25,20.75,3.46,3.03
20008455,1.7250,36.25,20.75,3.46,3.03
20008955,1.7250,36.25,20.75,3.46,3.03
20009455,1.7250,36.25,20.75,3.46,3.03
20009956,1.7250,36.25,20.75,3.46,3.02
20010455,1.7250,36.25,20.75,3.46,3.02
20010955,1.7250,36.25,20.75,3.46,3.02
20011455,1.7250,36.25,20.75,3.46,3.02
20011955,1.7250,36.25,20.75,3.46,3.02
20012455,1.7250,36.25,20.75,3.46,3.02
20012964,1.7250,36.25,20.75,3.46,3.02
20013455,1.7250,36.25,20.75,3.46,3.02
20013955,1.7250,36.25,19.25,3.45,3.02
20014455,1.7250,36.25,19.25,3.45,3.02
20014955,1.7250,36.25,19.25,3.45,3.02
20015455,1.7250,36.25,19.25,3.45,3.02
20015955,1.7250,36.25,20.75,3.46,3.02
20016455,1.7250,36.25,20.75,3.46,3.02
20016955,1.7250,36.25,20.75,3.46,3.02
20017455,1.7250,36.25,20.75,3.46,3.02
20017955,1.7237,36.35,19.00,3.43,3.01
20018455,1.7237,36.35,19.00,3.43,3.01
20018955,1.7237,36.32,19.00,3.43,3.01
20019455,1.7237,36.35,19.00,3.43,3.01
20019955,1.7237,36.35,20.50,3.46,3.01
20020455,1.7237,36.35,20.50,3.46,3.01
20020955,1.7237,36.35,20.50,3.46,3.01
20021455,1.7237,36.35,20.50,3.46,3.01
20021983,1.7237,36.35,20.75,3.46,3.00
20022482,1.7237,36.35,20.75,3.46,3.00
20022982,1.7237,36.35,20.75,3.46,3.00
20023482,1.7237,36.35,20.75,3.46,3.00
20023982,1.7237,36.35,20.75,3.46,3.00
20024482,1.7237,36.35,19.75,3.45,3.00
20024982,1.7237,36.35,19.75,3.45,3.00
20025482,1.7237,36.35,19.75,3.45,3.00
20025982,1.7237,36.35,19.75,3.45,3.00
20026482,1.7237,36.35,20.75,3.46,3.00
20026982,1.7237,36.35,20.75,3.46,3.00
20027482,1.7237,36.35,20.75,3.46,3.00
20027982,1.7237,36.35,20.75,3.46,3.00
20028482,1.7237,36.35,21.00,3.45,3.00
20028982,1.7237,36.35,21.00,3.45,3.00
20029482,1.7237,36.35,21.00,3.45,3.00
20029982,1.7237,36.35,21.00,3.45,3.00
20030483,1.7225,36.46,20.75,3.46,2.99
20030983,1.7225,36.46,20.75,3.46,2.99
20031482,1.7237,36.35,20.75,3.46,2.99
20031983,1.7225,36.46,20.75,3.46,2.99
20032482,1.7225,36.46,20.75,3.46,2.99
20032982,1.7225,36.46,20.50,3.46,2.99
20033482,1.7225,36.46,20.50,3.46,2.99
20033982,1.7225,36.46,20.50,3.46,2.99
20034482,1.7225,36.46,20.50,3.43,2.98
20034982,1.7225,36.46,20.50,3.43,2.98
20035482,1.7225,36.46,20.50,3.43,2.98
20035982,1.7225,36.46,20.50,3.43,2.98
20036482,1.7225,36.46,20.50,3.46,2.98
20036982,1.7225,36.46,20.75,3.46,2.98
20037482,1.7225,36.46,20.75,3.46,2.98
20037982,1.7225,36.46,20.75,3.46,2.98
20038482,1.7225,36.46,20.75,3.46,2.98
20038982,1.7225,36.46,20.25,3.46,2.98
20039482,1.7225,36.46,20.25,3.46,2.98
20039982,1.7225,36.46,20.25,3.46,2.98
20040482,1.7225,36.46,20.25,3.43,2.98
20040983,1.7225,36.46,19.75,3.43,2.98
20041482,1.7225,36.46,19.75,3.43,2.98
20041983,1.7225,36.46,19.75,3.43,2.98
20042482,1.7225,36.46,19.75,3.46,2.97
20042982,1.7225,36.46,19.75,3.46,2.97
20043482,1.7225,36.46,19.50,3.46,2.97
20043982,1.7225,36.46,19.50,3.46,2.97
20044482,1.7225,36.46,19.50,3.45,2.97
20044982,1.7225,36.46,19.50,3.45,2.97
20045482,1.7225,36.46,20.50,3.45,2.97
20045991,1.7225,36.49,20.50,3.45,2.97
20046490,1.7213,36.56,20.50,3.46,2.96
20046991,1.7213,36.56,20.50,3.46,2.96
20047491,1.7213,36.56,20.75,3.46,2.96
20047991,1.7213,36.56,20.75,3.46,2.96
20048491,1.7213,36.56,20.75,3.45,2.96
20048996,1.7213,36.56,20.75,3.45,2.96
20049491,1.7213,36.56,21.00,3.45,2.96
20049991,1.7213,36.56,21.00,3.45,2.96
20050503,1.7213,36.56,21.00,3.43,2.96
20051002,1.7213,36.56,21.00,3.43,2.96
20051503,1.7213,36.56,20.75,3.43,2.96
20052002,1.7213,36.56,20.75,3.43,2.96
20052503,1.7213,36.56,20.75,3.43,2.96
20053002,1.7213,36.56,20.75,3.46,2.95
20053503,1.7213,36.56,20.75,3.46,2.95
20054003,1.7213,36.56,19.50,3.46,2.95
20054502,1.7213,36.56,19.50,3.46,2.95
20055003,1.7213,36.56,19.50,3.46,2.95
20055503,1.7213,36.56,19.50,3.46,2.95
20056008,1.7213,36.56,20.50,3.46,2.95
20056502,1.7213,36.56,20.50,3.46,2.95
20057003,1.7213,36.56,20.50,3.46,2.94
20057502,1.7213,36.56,20.50,3.46,2.94
20058003,1.7200,36.67,20.75,3.46,2.94
20058503,1.7213,36.56,20.75,3.46,2.94
20059003,1.7200,36.67,20.75,3.46,2.94
20059502,1.7200,36.67,20.75,3.46,2.94
20060003,1.7200,36.67,20.75,3.46,2.94
20060502,1.7200,36.67,20.75,3.46,2.94
20061003,1.7200,36.67,20.75,3.43,2.94
20061503,1.7200,36.67,20.75,3.43,2.94
20062003,1.7200,36.67,20.75,3.43,2.94
20062502,1.7200,36.67,19.00,3.43,2.94
20063003,1.7200,36.67,19.00,3.43,2.93
20063502,1.7200,36.67,19.00,3.43,2.93
20064003,1.7200,36.67,19.00,3.43,2.93
20064502,1.7200,36.67,20.25,3.43,2.93
20065003,1.7200,36.67,20.25,3.45,2.93
20065503,1.7200,36.67,20.25,3.45,2.93
20066003,1.7200,36.67,20.25,3.45,2.93
20066503,1.7200,36.67,20.75,3.45,2.93
20067003,1.7200,36.67,20.75,3.43,2.92
20067503,1.7200,36.67,20.75,3.43,2.92
20068003,1.7200,36.67,20.75,3.43,2.92
20068503,1.7200,36.67,20.75,3.43,2.92
20069003,1.7200,36.67,20.75,3.46,2.92
20069502,1.7200,36.67,20.75,3.46,2.92
20070003,1.7200,36.67,20.75,3.46,2.92
20070502,1.7200,36.67,19.50,3.46,2.92
20071003,1.7200,36.67,19.50,3.45,2.92
20071503,1.7200,36.67,19.50,3.45,2.92
20072003,1.7188,36.77,19.50,3.45,2.92
20072502,1.7188,36.77,19.50,3.45,2.92
20073003,1.7188,36.77,19.50,3.45,2.91
20073502,1.7188,36.77,19.50,3.45,2.91
20074003,1.7188,36.77,19.50,3.45,2.91
20074502,1.7188,36.77,19.50,3.45,2.91
20075003,1.7188,36.77,20.25,3.46,2.91
20075502,1.7188,36.77,20.25,3.46,2.91
20076003,1.7188,36.77,20.25,3.46,2.91
20076503,1.7188,36.77,20.25,3.46,2.91
20077003,1.7188,36.77,20.00,3.43,2.90
20077502,1.7188,36.77,20.00,3.43,2.90
20078003,1.7188,36.77,20.00,3.43,2.90
20078502,1.7188,36.77,20.00,3.43,2.90
20079023,1.7188,36.77,20.25,3.45,2.90
20079522,1.7188,36.77,20.25,3.45,2.90
20080027,1.7188,36.77,20.25,3.45,2.90
20080521,1.7188,36.77,20.25,3.45,2.90
20081022,1.7188,36.77,20.75,3.45,2.90
20081521,1.7188,36.77,20.75,3.45,2.90
20082022,1.7175,36.87,20.75,3.45,2.90
20082521,1.7175,36.87,20.75,3.45,2.90
20083028,1.7188,36.77,20.75,3.45,2.90
20083522,1.7175,36.87,19.50,3.45,2.89
20084022,1.7175,36.87,19.50,3.45,2.89
20084521,1.7175,36.87,19.50,3.45,2.89
20085022,1.7175,36.87,19.50,3.45,2.89
20085521,1.7175,36.87,20.50,3.43,2.89
20086021,1.7175,36.87,20.50,3.43,2.89
20086522,1.7175,36.87,20.50,3.43,2.89
20087023,1.7175,36.87,20.50,3.43,2.89
20087521,1.7175,36.87,21.00,3.45,2.88
20088022,1.7175,36.87,21.00,3.45,2.88
20088521,1.7175,36.87,21.00,3.45,2.88
20089022,1.7175,36.87,21.00,3.45,2.88
20089522,1.7175,36.87,20.75,3.46,2.88
20090022,1.7175,36.87,20.75,3.46,2.88
20090521,1.7175,36.87,20.75,3.46,2.88
20091022,1.7175,36.87,20.75,3.46,2.88
20091522,1.7175,36.87,20.25,3.46,2.87
20092022,1.7175,36.87,20.25,3.46,2.87
20092521,1.7175,36.87,20.25,3.46,2.87
20093022,1.7175,36.87,20.25,3.46,2.87
20093522,1.7175,36.87,20.25,3.45,2.87
20094021,1.7162,36.98,19.50,3.45,2.87
20094522,1.7162,36.98,19.50,3.45,2.87
20095022,1.7162,36.98,19.50,3.45,2.87
20095521,1.7162,36.98,19.50,3.45,2.86
20096023,1.7162,36.98,20.75,3.45,2.86
20096521,1.7162,36.98,20.75,3.45,2.86
20097022,1.7162,36.98,20.75,3.45,2.86
20097521,1.7162,36.98,20.75,3.45,2.86
20098022,1.7162,36.98,20.50,3.45,2.86
20098521,1.7162,36.98,20.50,3.45,2.86
20099022,1.7162,36.98,20.50,3.45,2.86
20099521,1.7162,36.98,20.50,3.45,2.85
20100021,1.7162,36.98,20.50,3.45,2.85
20100521,1.7162,36.98,20.50,3.45,2.85
20101022,1.7162,36.98,20.50,3.45,2.85
20101521,1.7150,37.08,20.50,3.45,2.85
20102021,1.7150,37.07,20.50,3.45,2.85
20102522,1.7150,37.08,19.50,3.45,2.85
20103021,1.7150,37.08,19.50,3.45,2.85
20103521,1.7150,37.08,19.50,3.45,2.84
20104021,1.7150,37.08,19.50,3.45,2.84
20104521,1.7150,37.08,20.50,3.45,2.84
20105022,1.7150,37.08,20.50,3.45,2.84
20105521,1.7150,37.08,20.50,3.45,2.84
20106027,1.7150,37.08,20.50,3.45,2.84
20106521,1.7150,37.08,20.75,3.45,2.84
20107022,1.7150,37.08,20.75,3.45,2.84
20107543,1.7150,37.08,20.75,3.45,2.83
20108043,1.7150,37.08,20.75,3.45,2.83
20108542,1.7150,37.08,20.50,3.45,2.83
20109045,1.7150,37.08,20.50,3.45,2.83
20109574,1.7138,37.19,20.50,3.43,2.83
20110073,1.7150,37.08,20.50,3.43,2.83
20110573,1.7138,37.19,20.25,3.43,2.83
20111074,1.7138,37.19,20.25,3.43,2.83
20111573,1.7138,37.19,20.25,3.43,2.83
20112079,1.7138,37.19,20.25,3.45,2.82
20112578,1.7138,37.19,20.25,3.45,2.82
20113079,1.7138,37.19,20.50,3.45,2.82
20113579,1.7138,37.19,20.50,3.45,2.82
20114079,1.7138,37.19,20.50,3.45,2.82
20114578,1.7138,37.19,20.50,3.45,2.82
20115079,1.7138,37.19,20.00,3.45,2.82
20115578,1.7138,37.19,20.00,3.45,2.82
20116079,1.7138,37.19,20.00,3.45,2.81
20116578,1.7138,37.19,20.00,3.45,2.81
20117079,1.7138,37.19,20.50,3.45,2.81
20117578,1.7125,37.29,20.50,3.45,2.81
20118079,1.7125,37.29,20.50,3.45,2.80
20118578,1.7125,37.29,20.50,3.45,2.80
20119079,1.7125,37.29,20.75,3.45,2.80
20119579,1.7125,37.29,20.75,3.45,2.80
20120079,1.7125,37.29,20.75,3.46,2.80
20120578,1.7125,37.29,20.75,3.46,2.80
20121079,1.7125,37.29,20.75,3.46,2.80
20121578,1.7125,37.29,20.75,3.46,2.80
20122079,1.7125,37.29,20.75,3.45,2.80
20122578,1.7125,37.29,20.75,3.45,2.80
20123079,1.7125,37.29,20.75,3.45,2.80
20123578,1.7125,37.29,19.50,3.45,2.80
20124079,1.7125,37.29,19.50,3.45,2.79
20124578,1.7125,37.29,19.50,3.45,2.79
20125079,1.7112,37.40,19.50,3.45,2.79
20125578,1.7112,37.40,19.50,3.45,2.79
20126079,1.7112,37.40,19.50,3.43,2.78
20126579,1.7112,37.40,19.50,3.43,2.78
20127079,1.7112,37.40,19.50,3.43,2.78
20127578,1.7112,37.40,20.75,3.43,2.78
20128079,1.7112,37.40,20.75,3.43,2.78
20128578,1.7112,37.40,20.75,3.43,2.78
20129079,1.7112,37.40,20.75,3.43,2.78
20129578,1.7112,37.40,20.75,3.43,2.78
20130079,1.7112,37.40,20.75,3.45,2.77
20130579,1.7112,37.40,20.75,3.45,2.77
20131079,1.7112,37.40,20.75,3.45,2.77
20131579,1.7112,37.40,20.75,3.45,2.77
20132079,1.7112,37.40,19.50,3.45,2.76
20132578,1.7100,37.50,19.50,3.45,2.76
20133079,1.7112,37.40,19.50,3.45,2.76
20133578,1.7100,37.50,19.50,3.45,2.76
20134079,1.7100,37.50,20.75,3.45,2.76
20134579,1.7100,37.50,20.75,3.45,2.76
20135079,1.7100,37.50,20.75,3.45,2.76
20135578,1.7100,37.50,20.75,3.45,2.76
20136079,1.7100,37.50,20.25,3.43,2.75
20136578,1.7100,37.50,20.25,3.43,2.75
20137085,1.7100,37.50,20.25,3.43,2.75
20137579,1.7088,37.58,20.25,3.43,2.75
20138098,1.7100,37.50,20.75,3.43,2.74
20138591,1.7088,37.60,20.75,3.43,2.74
20139092,1.7088,37.60,20.75,3.43,2.74
20139591,1.7100,37.50,20.75,3.43,2.74
20140091,1.7088,37.60,20.75,3.43,2.74
20140591,1.7088,37.60,20.75,3.45,2.74
20141091,1.7088,37.60,20.75,3.45,2.74
20141591,1.7088,37.60,20.75,3.45,2.74
20142091,1.7088,37.60,20.75,3.45,2.74
20142591,1.7088,37.60,19.50,3.45,2.73
20143091,1.7088,37.60,19.50,3.45,2.73
20143591,1.7088,37.60,19.50,3.45,2.73
20144091,1.7088,37.60,19.50,3.45,2.73
20144592,1.7075,37.71,20.75,3.45,2.72
20145091,1.7088,37.60,20.75,3.45,2.72
20145591,1.7075,37.71,20.75,3.45,2.72
20146091,1.7075,37.71,20.75,3.45,2.72
20146592,1.7075,37.71,20.25,3.43,2.72
20147091,1.7075,37.71,20.25,3.43,2.72
20147592,1.7075,37.71,20.25,3.43,2.72
20148091,1.7075,37.71,20.25,3.43,2.72
20148591,1.7075,37.71,20.50,3.45,2.71
20149091,1.7075,37.71,20.50,3.45,2.71
20149591,1.7075,37.71,20.50,3.45,2.71
20150091,1.7075,37.76,20.50,3.45,2.71
20150591,1.7075,37.71,20.75,3.45,2.70
20151091,1.7062,37.81,20.75,3.45,2.70
20151591,1.7062,37.81,20.75,3.45,2.70
20152091,1.7062,37.81,20.75,3.45,2.70
20152591,1.7062,37.81,20.75,3.45,2.70
20153091,1.7062,37.81,19.75,3.45,2.70
20153591,1.7062,37.81,19.75,3.45,2.70
20154091,1.7062,37.81,19.75,3.45,2.70
20154591,1.7062,37.81,19.75,3.45,2.69
20155091,1.7062,37.81,20.75,3.45,2.69
20155591,1.7062,37.81,20.75,3.45,2.69
20156091,1.7050,37.92,20.75,3.45,2.69
20156591,1.7050,37.92,20.75,3.45,2.68
20157091,1.7050,37.92,20.00,3.45,2.68
20157591,1.7050,37.92,20.00,3.45,2.68
20158091,1.7050,37.92,20.00,3.45,2.68
20158591,1.7050,37.92,20.00,3.45,2.67
20159091,1.7050,37.92,20.75,3.45,2.67
20159591,1.7050,37.92,20.75,3.45,2.67
20160091,1.7050,37.92,20.75,3.45,2.67
20160591,1.7038,38.02,20.75,3.45,2.66
20161092,1.7038,38.02,20.50,3.45,2.66
20161591,1.7038,38.02,20.50,3.45,2.66
20162091,1.7038,38.02,20.50,3.45,2.66
20162591,1.7038,38.02,20.50,3.45,2.66
20163091,1.7038,38.02,20.50,3.45,2.66
20163591,1.7038,38.02,19.50,3.45,2.66
20164091,1.7038,38.02,19.50,3.45,2.66
20164591,1.7038,38.02,19.50,3.45,2.65
20165091,1.7025,38.12,19.50,3.45,2.65
20165591,1.7025,38.12,20.50,3.45,2.65
20166091,1.7025,38.12,20.50,3.45,2.65
20166608,1.7025,38.12,20.50,3.45,2.64
20167107,1.7025,38.12,20.50,3.45,2.64
20167607,1.7025,38.12,20.75,3.45,2.64
20168108,1.7025,38.12,20.75,3.45,2.64
20168607,1.7025,38.12,20.75,3.45,2.64
20169108,1.7025,38.12,20.75,3.45,2.63
20169607,1.7025,38.12,20.25,3.45,2.63
20170107,1.7012,38.23,20.25,3.45,2.63
20170607,1.7012,38.23,20.25,3.45,2.63
20171107,1.7012,38.23,20.25,3.45,2.62
20171607,1.7012,38.23,20.75,3.45,2.62
20172108,1.7012,38.23,20.75,3.45,2.62
20172607,1.7012,38.23,20.75,3.45,2.62
20173108,1.7012,38.23,20.75,3.45,2.61
20173607,1.7012,38.23,20.75,3.45,2.61
20174108,1.7012,38.23,19.50,3.45,2.61
20174607,1.7000,38.33,19.50,3.45,2.61
20175107,1.7000,38.33,19.50,3.45,2.60
20175607,1.7000,38.33,19.50,3.45,2.60
20176107,1.7000,38.33,19.75,3.45,2.60
20176607,1.7000,38.33,19.75,3.45,2.60
20177107,1.7000,38.33,19.75,3.43,2.59
20177607,1.7000,38.33,19.75,3.43,2.59
20178107,1.7000,38.33,20.75,3.43,2.59
20178608,1.6988,38.44,20.75,3.43,2.59
20179107,1.7000,38.33,20.75,3.45,2.58
20179607,1.6988,38.44,20.75,3.45,2.58
20180115,1.6988,38.44,20.75,3.45,2.58
20180614,1.6988,38.44,20.75,3.45,2.58
20181114,1.6988,38.44,20.75,3.43,2.56
20181615,1.6988,38.44,20.75,3.43,2.56
20182114,1.6988,38.44,20.75,3.43,2.56
20182614,1.6988,38.44,20.75,3.43,2.56
20183114,1.6975,38.54,20.75,3.45,2.56
20183614,1.6975,38.54,20.75,3.45,2.56
20184114,1.6975,38.54,20.75,3.45,2.56
20184614,1.6975,38.54,19.50,3.45,2.56
20185114,1.6975,38.54,19.50,3.45,2.54
20185614,1.6975,38.54,19.50,3.45,2.54
20186114,1.6975,38.54,19.50,3.45,2.54
20186614,1.6962,38.65,20.50,3.45,2.54
20187114,1.6962,38.65,20.50,3.43,2.53
20187614,1.6962,38.65,20.50,3.43,2.53
20188114,1.6962,38.65,20.50,3.43,2.53
20188614,1.6962,38.65,20.50,3.43,2.53
20189114,1.6962,38.65,20.50,3.43,2.52
20189614,1.6962,38.65,20.50,3.43,2.52
20190114,1.6962,38.65,20.50,3.43,2.52
20190615,1.6962,38.65,20.50,3.43,2.52
20191115,1.6950,38.75,20.75,3.45,2.50
20191614,1.6950,38.75,20.75,3.45,2.50
20192114,1.6950,38.75,20.75,3.45,2.50
20192614,1.6950,38.75,20.75,3.45,2.50
20193115,1.6950,38.75,20.00,3.43,2.49
20193614,1.6950,38.75,20.00,3.43,2.49
20194114,1.6950,38.75,20.00,3.43,2.49
20194614,1.6938,38.85,20.00,3.43,2.49
20195125,1.6950,38.75,20.50,3.45,2.73
20195624,1.6950,38.75,20.50,3.45,2.73
20196124,1.6950,38.75,20.50,3.45,2.73
20196625,1.6938,38.85,20.50,3.45,2.73
20197124,1.6938,38.85,20.75,3.45,2.73
20197625,1.6950,38.75,20.75,3.45,2.78
20198124,1.6938,38.85,20.75,3.45,2.78
20198624,1.6938,38.85,20.75,3.45,2.78
20199125,1.6950,38.75,20.75,3.45,2.78
20199624,1.6950,38.75,20.75,3.45,2.81
20200124,1.6950,38.75,20.75,3.45,2.81
20200624,1.6950,38.75,20.75,3.45,2.81
20201124,1.6950,38.75,20.75,3.45,2.81
20201624,1.6950,38.75,19.25,3.43,2.83
20202124,1.6950,38.75,19.25,3.43,2.83
20202625,1.6950,38.75,19.25,3.43,2.83
20203124,1.6950,38.75,19.25,3.43,2.83
20203624,1.6950,38.75,20.75,3.45,2.85
20204124,1.6962,38.65,20.75,3.45,2.85
20204624,1.6962,38.65,20.75,3.45,2.85
20205124,1.6962,38.65,20.75,3.45,2.85
20205625,1.6962,38.65,21.00,3.45,2.86
20206124,1.6962,38.65,21.00,3.45,2.86
20206624,1.6962,38.65,21.00,3.45,2.86
20207124,1.6962,38.65,21.00,3.45,2.86
20207624,1.6975,38.54,20.50,3.45,2.87
20208124,1.6975,38.54,20.50,3.45,2.87
20208624,1.6975,38.54,20.50,3.45,2.87
20209124,1.6975,38.54,20.50,3.45,2.87
20209625,1.6975,38.54,20.75,3.45,2.88
20210124,1.6975,38.54,20.75,3.45,2.88
20210624,1.6975,38.54,20.75,3.45,2.88
20211124,1.6988,38.44,20.75,3.45,2.88
20211624,1.6988,38.44,20.75,3.45,2.89
20212124,1.6988,38.44,19.50,3.45,2.89
20212626,1.6988,38.44,19.50,3.45,2.89
20213125,1.7000,38.33,19.50,3.45,2.89
20213625,1.7000,38.33,19.50,3.45,2.89
20214125,1.7000,38.33,20.75,3.45,2.89
20214625,1.7000,38.33,20.75,3.45,2.89
20215125,1.7000,38.33,20.75,3.45,2.89
20215625,1.7000,38.33,20.75,3.45,2.90
20216125,1.7012,38.23,20.75,3.45,2.90
20216625,1.7012,38.23,20.75,3.45,2.90
20217125,1.7012,38.23,20.75,3.45,2.90
20217656,1.7012,38.23,20.75,3.43,2.90
20218155,1.7012,38.23,20.75,3.43,2.90
20218655,1.7025,38.12,20.75,3.43,2.90
20219156,1.7025,38.12,20.75,3.43,2.90
20219655,1.7025,38.12,20.75,3.43,2.90
20220155,1.7025,38.12,20.50,3.45,2.91
20220655,1.7025,38.12,20.50,3.45,2.91
20221155,1.7038,38.02,20.50,3.45,2.91
20221655,1.7038,38.02,20.50,3.45,2.91
20222155,1.7038,38.02,20.50,3.45,2.92
20222655,1.7038,38.02,20.00,3.45,2.92
20223155,1.7038,38.02,20.00,3.45,2.92
20223655,1.7050,37.92,20.00,3.45,2.92
20224155,1.7050,37.92,20.00,3.45,2.92
20224655,1.7050,37.92,20.25,3.45,2.92
20225155,1.7050,37.92,20.25,3.45,2.92
20225655,1.7050,37.92,20.25,3.45,2.92
20226155,1.7062,37.81,20.25,3.45,2.92
20226655,1.7062,37.81,20.50,3.45,2.92
20227156,1.7062,37.81,20.50,3.45,2.92
20227655,1.7062,37.81,20.50,3.45,2.92
20228156,1.7062,37.81,20.50,3.45,2.92
20228655,1.7075,37.71,20.75,3.45,2.92
20229155,1.7075,37.71,20.75,3.45,2.92
20229655,1.7075,37.71,20.75,3.45,2.92
20230156,1.7075,37.71,20.75,3.45,2.93
20230655,1.7075,37.71,21.00,3.45,2.93
20231156,1.7088,37.60,21.00,3.45,2.93
20231655,1.7088,37.60,21.00,3.45,2.93
20232156,1.7088,37.60,21.00,3.45,2.93
20232655,1.7088,37.60,21.00,3.45,2.93
20233156,1.7100,37.55,19.25,3.45,2.93
20233655,1.7100,37.50,19.25,3.45,2.93
20234155,1.7100,37.50,19.25,3.45,2.93
20234655,1.7100,37.50,19.25,3.45,2.93
20235155,1.7100,37.50,20.75,3.45,2.93
20235655,1.7100,37.50,20.75,3.45,2.93
20236155,1.7112,37.40,20.75,3.45,2.94
20236655,1.7112,37.40,20.75,3.45,2.94
20237156,1.7112,37.40,21.00,3.45,2.94
20237655,1.7112,37.40,21.00,3.45,2.94
20238154,1.7125,37.29,21.00,3.45,2.94
20238655,1.7125,37.29,21.00,3.45,2.94
20239155,1.7125,37.29,20.75,3.45,2.94
20239655,1.7125,37.29,20.75,3.45,2.94
20240155,1.7125,37.29,20.75,3.43,2.94
20240655,1.7138,37.19,20.75,3.43,2.94
20241155,1.7138,37.19,19.25,3.43,2.94
20241655,1.7138,37.19,19.25,3.43,2.94
20242156,1.7138,37.19,19.25,3.45,2.94
20242655,1.7150,37.08,19.25,3.45,2.94
20243156,1.7150,37.08,19.25,3.45,2.94
20243655,1.7150,37.08,19.25,3.45,2.94
20244155,1.7150,37.08,19.25,3.45,2.94
20244655,1.7162,36.98,19.25,3.45,2.94
20245165,1.7162,36.98,19.25,3.45,2.94
20245664,1.7162,36.98,19.75,3.45,2.94
20246174,1.7162,36.98,19.75,3.43,2.94
20246674,1.7162,36.98,19.75,3.43,2.94
20247173,1.7175,36.87,19.75,3.43,2.94
20247673,1.7175,36.87,20.75,3.43,2.94
20248173,1.7175,36.87,20.75,3.43,2.94
20248674,1.7175,36.87,20.75,3.45,2.95
20249173,1.7188,36.77,20.75,3.45,2.95
20249673,1.7188,36.77,20.75,3.45,2.95
20250173,1.7188,36.77,20.75,3.45,2.95
20250673,1.7188,36.77,20.75,3.45,2.95
20251173,1.7188,36.77,20.75,3.45,2.95
20251674,1.7200,36.67,20.50,3.45,2.95
20252173,1.7200,36.67,20.50,3.45,2.95
20252673,1.7200,36.67,20.50,3.45,2.95
20253174,1.7200,36.67,20.50,3.45,2.95
20253673,1.7213,36.56,20.50,3.45,2.95
20254173,1.7213,36.56,19.50,3.45,2.95
20254673,1.7213,36.56,19.50,3.45,2.95
20255173,1.7213,36.56,19.50,3.45,2.95
20255674,1.7225,36.46,19.50,3.45,2.95
20256173,1.7225,36.46,21.00,3.45,2.95
20256673,1.7225,36.46,21.00,3.45,2.95
20257173,1.7225,36.46,21.00,3.45,2.95
20257674,1.7225,36.46,21.00,3.45,2.95
20258173,1.7237,36.35,20.25,3.45,2.95
20258673,1.7237,36.35,20.25,3.45,2.95
20259173,1.7237,36.35,20.25,3.45,2.95
20259674,1.7237,36.35,20.25,3.45,2.95
20260173,1.7237,36.35,20.75,3.45,2.95
20260673,1.7250,36.25,20.75,3.45,2.96
20261173,1.7250,36.25,20.75,3.45,2.96
20261673,1.7250,36.25,20.75,3.45,2.96
20262173,1.7250,36.25,20.75,3.45,2.96
20262673,1.7263,36.15,19.25,3.45,2.96
20263173,1.7263,36.15,19.25,3.45,2.96
20263673,1.7263,36.15,19.25,3.45,2.96
20264173,1.7263,36.15,19.25,3.45,2.96
20264673,1.7275,36.04,20.75,3.45,2.96
20265173,1.7275,36.04,20.75,3.45,2.96
20265674,1.7275,36.04,20.75,3.45,2.96
20266173,1.7275,36.04,20.75,3.45,2.96
20266673,1.7275,36.04,20.25,3.45,2.96
20267173,1.7287,35.94,20.25,3.45,2.96
20267674,1.7287,35.94,20.25,3.45,2.96
20268173,1.7287,35.94,20.25,3.45,2.96
20268674,1.7287,35.94,20.75,3.45,2.96
20269173,1.7300,35.83,20.75,3.45,2.96
20269673,1.7300,35.83,20.75,3.45,2.96
20270173,1.7300,35.83,20.75,3.45,2.96
20270673,1.7300,35.83,20.75,3.45,2.96
20271173,1.7300,35.83,18.75,3.45,2.96
20271673,1.7313,35.73,18.75,3.45,2.96
20272173,1.7313,35.73,18.75,3.45,2.96
20272673,1.7313,35.73,18.75,3.45,2.96
20273173,1.7313,35.73,20.75,3.45,2.96
20273680,1.7325,35.62,20.75,3.45,2.96
20274180,1.7325,35.62,20.75,3.45,2.96
20274689,1.7325,35.62,20.75,3.45,2.96
20275189,1.7325,35.62,20.50,3.45,2.96
20275688,1.7325,35.62,20.50,3.45,2.96
20276189,1.7337,35.52,20.50,3.45,2.96
20276688,1.7337,35.52,20.50,3.45,2.96
20277189,1.7337,35.52,20.75,3.45,2.96
20277688,1.7337,35.52,20.75,3.45,2.96
20278188,1.7350,35.42,20.75,3.45,2.96
20278688,1.7350,35.42,20.75,3.45,2.96
20279189,1.7350,35.42,20.50,3.45,2.96
20279688,1.7350,35.42,20.50,3.45,2.96
20280189,1.7350,35.42,20.50,3.45,2.96
20280688,1.7363,35.31,20.50,3.45,2.96
20281188,1.7363,35.31,20.50,3.45,2.96
20281688,1.7363,35.31,19.75,3.45,2.96
20282188,1.7363,35.31,19.75,3.45,2.96
20282688,1.7375,35.21,19.75,3.45,2.96
20283188,1.7375,35.21,19.75,3.45,2.96
20283688,1.7375,35.21,21.00,3.45,2.96
20284188,1.7375,35.21,21.00,3.45,2.96
20284688,1.7375,35.21,21.00,3.45,2.96
20285189,1.7375,35.21,21.00,3.45,2.96
20285688,1.7387,35.10,20.50,3.45,2.96
20286188,1.7387,35.10,20.50,3.45,2.96
20286688,1.7387,35.10,20.50,3.45,2.96
20287188,1.7387,35.10,20.50,3.45,2.97
20287688,1.7400,35.00,20.50,3.45,2.97
20288188,1.7400,35.00,20.50,3.45,2.97
20288688,1.7400,35.00,20.50,3.45,2.97
20289189,1.7400,35.00,20.50,3.45,2.97
20289688,1.7400,35.00,21.25,3.45,2.97
20290189,1.7413,34.90,21.25,3.45,2.97
20290688,1.7413,34.90,21.25,3.45,2.97
20291188,1.7413,34.90,21.25,3.43,2.97
20291688,1.7413,34.90,21.25,3.43,2.97
20292188,1.7425,34.79,19.50,3.43,2.97
20292688,1.7425,34.79,19.50,3.43,2.97
20293189,1.7425,34.79,19.50,3.45,2.97
20293688,1.7425,34.79,19.50,3.45,2.97
20294189,1.7425,34.79,20.75,3.45,2.97
20294688,1.7437,34.69,20.75,3.45,2.97
20295188,1.7437,34.69,20.75,3.45,2.97
20295688,1.7437,34.69,20.75,3.45,2.97
20296188,1.7437,34.69,20.50,3.45,2.97
20296688,1.7450,34.58,20.50,3.45,2.97
20297189,1.7450,34.58,20.50,3.45,2.97
20297688,1.7450,34.58,20.50,3.45,2.97
20298188,1.7450,34.58,20.25,3.45,2.97
20298688,1.7450,34.58,20.25,3.45,2.97
20299188,1.7463,34.48,20.25,3.45,2.97
20299688,1.7463,34.48,20.25,3.45,2.97
20300189,1.7463,34.48,20.75,3.45,2.97
20300688,1.7463,34.48,20.75,3.45,2.97
20301189,1.7463,34.48,20.75,3.43,2.97
20301688,1.7463,34.48,20.75,3.43,2.97
20302197,1.7475,34.38,20.75,3.43,2.97
20302696,1.7475,34.38,19.50,3.43,2.97
20303206,1.7475,34.38,19.50,3.45,2.97
20303706,1.7475,34.38,19.50,3.45,2.97
20304206,1.7487,34.27,19.50,3.45,2.97
20304705,1.7487,34.27,20.25,3.45,2.97
20305205,1.7487,34.27,20.25,3.45,2.97
20305706,1.7487,34.27,20.25,3.45,2.97
20306205,1.7487,34.27,20.25,3.45,2.97
20306705,1.7500,34.17,20.50,3.45,2.97
20307205,1.7500,34.17,20.50,3.45,2.97
20307705,1.7500,34.17,20.50,3.45,2.97
20308205,1.7500,34.17,20.50,3.45,2.97
20308706,1.7500,34.17,20.75,3.45,2.97
20309205,1.7513,34.06,20.75,3.45,2.97
20309706,1.7513,34.06,20.75,3.45,2.97
20310205,1.7513,34.06,20.75,3.45,2.97
20310705,1.7513,34.06,20.50,3.45,2.97
20311205,1.7513,34.06,20.50,3.45,2.97
20311705,1.7525,33.96,20.50,3.45,2.97
20312205,1.7525,33.96,20.50,3.45,2.97
20312705,1.7525,33.96,20.50,3.45,2.97
20313206,1.7525,33.96,19.50,3.45,2.97
20313706,1.7537,33.85,19.50,3.43,2.97
20314205,1.7537,33.85,19.50,3.43,2.97
20314705,1.7537,33.85,19.50,3.43,2.97
20315206,1.7537,33.85,19.75,3.43,2.97
20315706,1.7537,33.85,19.75,3.45,2.98
20316205,1.7537,33.85,19.75,3.45,2.98
20316705,1.7550,33.75,19.75,3.45,2.98
20317205,1.7550,33.75,20.50,3.45,2.98
20317706,1.7550,33.75,20.50,3.45,2.98
20318205,1.7550,33.75,20.50,3.45,2.98
20318705,1.7550,33.75,20.50,3.45,2.98
20319206,1.7563,33.65,20.50,3.45,2.98
20319705,1.7563,33.65,20.50,3.45,2.98
20320205,1.7563,33.65,20.50,3.45,2.98
20320705,1.7563,33.65,20.50,3.45,2.98
20321205,1.7575,33.54,20.00,3.45,2.98
20321706,1.7575,33.54,20.00,3.45,2.98
20322205,1.7575,33.54,20.00,3.45,2.98
20322705,1.7575,33.54,20.00,3.45,2.98
20323205,1.7575,33.54,20.00,3.45,2.98
20323705,1.7587,33.44,19.25,3.45,2.98
20324205,1.7587,33.44,19.25,3.45,2.98
20324706,1.7587,33.44,19.25,3.45,2.98
20325205,1.7587,33.44,19.25,3.45,2.98
20325705,1.7587,33.44,20.75,3.45,2.98
20326205,1.7600,33.33,20.75,3.45,2.98
20326705,1.7600,33.33,20.75,3.45,2.98
20327205,1.7600,33.33,20.75,3.45,2.98
20327705,1.7600,33.33,20.75,3.45,2.98
20328205,1.7600,33.33,20.75,3.45,2.98
20328705,1.7613,33.23,20.75,3.45,2.98
20329205,1.7613,33.23,20.75,3.45,2.98
20329711,1.7613,33.23,20.75,3.45,2.98
20330211,1.7613,33.23,20.75,3.45,2.98
20330711,1.7613,33.23,20.75,3.45,2.98
20331211,1.7613,33.23,20.75,3.45,2.98
20331732,1.7625,33.12,20.75,3.45,2.98
20332231,1.7625,33.12,19.50,3.45,2.98
20332731,1.7625,33.12,19.50,3.45,2.98
20333231,1.7625,33.12,19.50,3.45,2.98
20333731,1.7637,33.02,19.50,3.45,2.98
20334232,1.7637,33.02,19.50,3.45,2.98
20334731,1.7637,33.02,19.50,3.45,2.98
20335231,1.7637,33.02,19.50,3.45,2.98
20335731,1.7637,33.02,19.50,3.45,2.98
20336232,1.7650,32.92,20.50,3.42,2.98
20336731,1.7650,32.92,20.50,3.42,2.98
20337231,1.7650,32.92,20.50,3.42,2.98
20337731,1.7650,32.92,20.50,3.42,2.98
20338231,1.7650,32.92,20.50,3.45,2.98
20338731,1.7663,32.81,20.50,3.45,2.98
20339232,1.7663,32.81,20.50,3.45,2.98
20339731,1.7663,32.81,20.50,3.45,2.98
20340231,1.7663,32.81,20.25,3.45,2.98
20340731,1.7663,32.81,20.25,3.45,2.98
20341232,1.7663,32.81,20.25,3.45,2.98
20341731,1.7675,32.71,20.25,3.45,2.98
20342231,1.7675,32.71,20.25,3.45,2.98
20342731,1.7675,32.71,19.50,3.45,2.98
20343231,1.7675,32.71,19.50,3.45,2.98
20343731,1.7675,32.71,19.50,3.45,2.98
20344231,1.7687,32.60,19.50,3.45,2.98
20344731,1.7687,32.60,20.75,3.45,2.98
20345231,1.7687,32.60,20.75,3.45,2.98
20345731,1.7687,32.60,20.75,3.45,2.98
20346231,1.7687,32.60,20.75,3.45,2.98
20346731,1.7687,32.60,20.50,3.45,2.98
20347231,1.7700,32.50,20.50,3.45,2.98
20347731,1.7700,32.50,20.50,3.45,2.98
20348231,1.7700,32.50,20.50,3.45,2.98
20348731,1.7700,32.50,20.25,3.45,2.98
20349232,1.7713,32.40,20.25,3.45,2.98
20349731,1.7713,32.40,20.25,3.45,2.98
20350231,1.7713,32.40,20.25,3.45,2.98
20350731,1.7713,32.40,20.25,3.45,2.98
20351231,1.7713,32.40,20.25,3.45,2.98
20351731,1.7713,32.40,20.25,3.45,2.98
20352231,1.7713,32.40,20.25,3.45,2.98
20352731,1.7725,32.29,20.25,3.45,2.98
20353231,1.7725,32.29,19.25,3.45,2.98
20353731,1.7725,32.29,19.25,3.45,2.98
20354231,1.7725,32.29,19.25,3.45,2.98
20354731,1.7725,32.29,19.25,3.45,2.98
20355231,1.7737,32.19,20.25,3.45,2.98
20355731,1.7737,32.19,20.25,3.45,2.98
20356231,1.7737,32.19,20.25,3.45,2.98
20356732,1.7737,32.19,20.25,3.45,2.98
20357231,1.7750,32.08,20.25,3.45,2.98
20357731,1.7750,32.08,20.25,3.45,2.98
20358231,1.7750,32.08,20.25,3.45,2.98
20358731,1.7750,32.08,20.25,3.45,2.98
20359239,1.7750,32.08,20.75,3.45,2.98
20359739,1.7750,32.08,20.75,3.45,2.98
20360249,1.7750,32.08,20.75,3.45,2.98
20360748,1.7763,31.98,20.75,3.45,2.98
20361248,1.7763,31.98,20.75,3.45,2.98
20361748,1.7763,31.98,20.75,3.45,2.98
20362249,1.7763,31.98,20.75,3.45,2.98
20362749,1.7763,31.98,20.75,3.45,2.98
20363248,1.7775,31.87,20.75,3.45,2.98
20363748,1.7775,31.87,19.50,3.45,2.98
20364248,1.7775,31.87,19.50,3.45,2.98
20364749,1.7775,31.87,19.50,3.43,2.98
20365248,1.7775,31.87,19.50,3.43,2.98
20365748,1.7787,31.77,20.25,3.43,2.98
20366246,1.7787,31.77,20.25,3.43,2.98
20366748,1.7787,31.77,20.25,3.45,2.98
20367248,1.7787,31.77,20.25,3.45,2.98
20367749,1.7787,31.77,19.50,3.45,2.98
20368248,1.7787,31.77,19.50,3.45,2.98
20368748,1.7800,31.67,19.50,3.45,2.98
20369248,1.7800,31.67,19.50,3.45,2.98
20369748,1.7800,31.67,20.75,3.45,2.98
20370248,1.7800,31.67,20.75,3.45,2.98
20370748,1.7800,31.67,20.75,3.43,2.98
20371248,1.7800,31.67,20.75,3.43,2.98
20371748,1.7812,31.56,20.75,3.43,2.98
20372248,1.7812,31.56,20.75,3.43,2.98
20372748,1.7812,31.56,20.75,3.45,2.98
20373249,1.7812,31.56,20.75,3.45,2.98
20373749,1.7812,31.56,20.75,3.45,2.98
20374249,1.7812,31.56,19.50,3.45,2.98
20374749,1.7825,31.46,19.50,3.45,2.98
20375248,1.7825,31.46,19.50,3.45,2.98
20375748,1.7825,31.46,19.50,3.45,2.98
20376249,1.7825,31.46,21.00,3.45,2.98
20376748,1.7825,31.46,21.00,3.45,2.98
20377248,1.7825,31.46,21.00,3.45,2.98
20377748,1.7838,31.35,21.00,3.45,2.98
20378248,1.7838,31.35,20.75,3.45,2.98
20378748,1.7838,31.35,20.75,3.45,2.98
20379248,1.7838,31.35,20.75,3.45,2.98
20379748,1.7838,31.35,20.75,3.45,2.98
20380248,1.7850,31.25,20.75,3.45,2.98
20380758,1.7850,31.25,20.75,3.45,2.98
20381258,1.7850,31.25,20.75,3.45,2.98
20381757,1.7850,31.25,20.75,3.45,2.98
20382257,1.7850,31.25,20.75,3.45,2.98
20382757,1.7850,31.25,20.75,3.45,2.98
20383258,1.7850,31.25,20.75,3.45,2.98
20383758,1.7862,31.15,20.75,3.45,2.98
20384258,1.7862,31.15,20.75,3.45,2.98
20384757,1.7862,31.15,19.00,3.45,2.98
20385257,1.7862,31.15,19.00,3.45,2.99
20385757,1.7862,31.15,19.00,3.45,2.99
20386257,1.7875,31.04,19.00,3.45,2.99
20386757,1.7875,31.04,20.25,3.45,2.99
20387257,1.7875,31.04,20.25,3.45,2.99
20387758,1.7875,31.04,20.25,3.45,2.99
20388257,1.7875,31.04,20.25,3.45,2.99
20388757,1.7875,31.04,20.50,3.45,2.99
20389257,1.7875,31.04,20.50,3.45,2.99
20389757,1.7888,30.94,20.50,3.45,2.99
20390257,1.7888,30.94,20.50,3.45,2.99
20390758,1.7888,30.94,20.25,3.45,2.99
20391257,1.7888,30.94,20.25,3.45,2.99
20391762,1.7888,30.94,20.25,3.45,2.99
20392261,1.7900,30.83,20.25,3.45,2.99
20392761,1.7900,30.83,20.50,3.45,2.99
20393262,1.7900,30.83,20.50,3.45,2.99
20393761,1.7900,30.83,20.50,3.45,2.99
20394261,1.7900,30.83,20.50,3.45,2.99
20394761,1.7900,30.83,20.50,3.45,2.99
20395261,1.7912,30.73,19.25,3.43,2.99
20395761,1.7912,30.73,19.25,3.43,2.99
20396262,1.7912,30.73,19.25,3.43,2.99
20396761,1.7912,30.73,19.25,3.43,2.99
20397262,1.7912,30.73,20.75,3.45,2.99
20397761,1.7912,30.73,20.75,3.45,2.99
20398261,1.7925,30.62,20.75,3.45,2.99
20398761,1.7925,30.62,20.75,3.45,2.99
20399261,1.7925,30.62,20.50,3.45,2.99
20399761,1.7925,30.62,20.50,3.45,2.99
20400261,1.7925,30.62,20.50,3.45,2.99
20400761,1.7925,30.62,20.50,3.45,2.99
20401261,1.7925,30.62,20.50,3.45,2.99
20401761,1.7938,30.52,20.50,3.45,2.99
20402261,1.7938,30.52,20.50,3.45,2.99
20402761,1.7938,30.52,20.50,3.45,2.99
20403289,1.7938,30.52,20.50,3.45,2.99
20403788,1.7938,30.52,19.25,3.45,2.99
20404288,1.7938,30.52,19.25,3.45,2.99
20404788,1.7950,30.42,19.25,3.45,2.99
20405288,1.7950,30.42,19.25,3.45,2.99
20405788,1.7950,30.42,20.75,3.45,2.99
20406288,1.7950,30.42,20.75,3.45,2.99
20406788,1.7950,30.42,20.75,3.45,2.99
20407288,1.7962,30.31,20.75,3.45,2.99
20407788,1.7962,30.31,21.00,3.43,2.99
20408288,1.7962,30.31,21.00,3.43,2.99
20408788,1.7962,30.31,21.00,3.43,2.99
20409288,1.7962,30.31,21.00,3.43,2.99
20409788,1.7962,30.31,20.75,3.45,2.99
20410288,1.7962,30.31,20.75,3.45,2.99
20410788,1.7975,30.21,20.75,3.45,2.99
20411288,1.7975,30.21,20.75,3.45,2.99
20411788,1.7975,30.21,20.75,3.45,2.99
20412288,1.7975,30.21,19.75,3.45,2.99
20412788,1.7975,30.21,19.75,3.45,2.99
20413288,1.7975,30.21,19.75,3.45,2.99
20413788,1.7988,30.17,19.75,3.42,2.99
20414288,1.7988,30.10,20.75,3.42,2.99
20414788,1.7988,30.10,20.75,3.42,2.99
20415288,1.7988,30.10,20.75,3.42,2.99
20415788,1.7988,30.10,20.75,3.45,2.99
20416289,1.7988,30.10,20.50,3.45,2.99
20416788,1.7988,30.10,20.50,3.45,2.99
20417288,1.8000,30.00,20.50,3.45,2.99
20417788,1.8000,30.00,20.50,3.45,2.99
20418288,1.8000,30.00,20.00,3.45,2.99
20418788,1.8000,30.00,20.00,3.45,2.99
20419288,1.8000,30.00,20.00,3.45,2.99
20419789,1.8000,30.00,20.00,3.45,2.99
20420289,1.8012,29.90,19.25,3.45,2.99
20420788,1.8012,29.90,19.25,3.45,2.99
20421288,1.8012,29.90,19.25,3.45,2.99
20421788,1.8012,29.90,19.25,3.45,2.99
20422288,1.8012,29.90,19.25,3.45,2.99
20422788,1.8012,29.90,19.50,3.45,2.99
20423288,1.8012,29.90,19.50,3.45,2.99
20423788,1.8025,29.79,19.50,3.45,2.99
20424289,1.8025,29.79,19.50,3.45,2.99
20424788,1.8025,29.79,20.50,3.45,2.99
20425288,1.8025,29.79,20.50,3.45,2.99
20425788,1.8025,29.79,20.50,3.45,2.99
20426298,1.8025,29.79,20.50,3.45,2.99
20426797,1.8025,29.79,20.75,3.45,2.99
20427297,1.8038,29.69,20.75,3.45,2.99
20427818,1.8038,29.69,20.75,3.45,2.99
20428317,1.8038,29.69,20.75,3.45,2.99
20428817,1.8038,29.69,20.75,3.45,2.99
20429317,1.8038,29.69,20.75,3.45,2.99
20429817,1.8038,29.69,20.75,3.45,2.99
20430317,1.8038,29.69,20.75,3.45,2.99
20430817,1.8050,29.58,20.25,3.45,2.99
20431317,1.8050,29.58,20.25,3.45,2.99
20431817,1.8050,29.58,20.25,3.45,2.99
20432317,1.8050,29.58,20.25,3.42,2.99
20432817,1.8050,29.58,20.25,3.42,2.99
20433318,1.8050,29.58,19.75,3.42,2.99
20433817,1.8062,29.48,19.75,3.42,2.99
20434317,1.8062,29.48,19.75,3.43,2.99
20434818,1.8062,29.48,19.75,3.43,2.99
20435317,1.8062,29.48,20.75,3.43,2.99
20435817,1.8062,29.48,20.75,3.43,2.99
20436317,1.8062,29.48,20.75,3.45,2.99
20436818,1.8062,29.48,20.75,3.45,2.99
20437318,1.8075,29.37,20.75,3.45,2.99
20437818,1.8075,29.37,20.75,3.45,2.99
20438317,1.8075,29.37,20.75,3.45,2.99
20438817,1.8075,29.37,20.75,3.45,2.99
20439317,1.8075,29.37,20.75,3.45,2.99
20439817,1.8075,29.37,20.75,3.45,2.99
20440317,1.8075,29.37,20.75,3.45,2.99
20440817,1.8088,29.27,20.75,3.45,2.99
20441317,1.8088,29.27,20.75,3.45,2.99
20441818,1.8088,29.27,20.75,3.45,2.99
20442317,1.8088,29.27,20.75,3.45,2.99
20442817,1.8088,29.27,20.75,3.45,2.99
20443317,1.8088,29.27,20.75,3.45,2.99
20443817,1.8088,29.27,18.75,3.45,2.99
20444317,1.8088,29.27,18.75,3.45,2.99
20444817,1.8100,29.17,18.75,3.45,2.99
20445317,1.8100,29.17,18.75,3.45,2.99
20445818,1.8100,29.17,21.00,3.45,2.99
20446317,1.8100,29.17,21.00,3.45,2.99
20446817,1.8100,29.17,21.00,3.45,2.99
20447318,1.8100,29.17,21.00,3.45,2.99
20447817,1.8112,29.06,20.75,3.45,2.99
20448317,1.8112,29.06,20.75,3.45,2.99
20448817,1.8112,29.06,20.75,3.45,2.99
20449317,1.8112,29.06,20.75,3.45,2.99
20449817,1.8112,29.06,19.50,3.45,2.99
20450318,1.8112,29.06,19.50,3.45,2.99
20450818,1.8112,29.06,19.50,3.45,2.99
20451317,1.8112,29.06,19.50,3.45,2.99
20451817,1.8125,28.96,20.50,3.45,2.99
20452317,1.8125,28.96,20.50,3.45,2.99
20452817,1.8125,28.96,20.50,3.45,2.99
20453317,1.8125,28.96,20.50,3.45,2.99
20453818,1.8125,28.96,20.50,3.45,2.99
20454317,1.8125,28.96,19.50,3.45,2.99
20454817,1.8138,28.85,19.50,3.45,2.99
20455317,1.8138,28.85,19.50,3.45,2.99
20455817,1.8138,28.85,19.50,3.45,2.99
20456317,1.8138,28.85,20.75,3.45,2.99
20456817,1.8138,28.85,20.75,3.42,2.99
20457317,1.8138,28.85,20.75,3.42,2.99
20457817,1.8138,28.85,20.75,3.42,2.99
20458318,1.8150,28.75,21.00,3.42,2.99
20458817,1.8150,28.75,21.00,3.45,2.99
20459317,1.8150,28.75,21.00,3.45,2.99
20459817,1.8150,28.75,21.00,3.45,2.99
20460317,1.8150,28.75,20.50,3.45,2.99
20460817,1.8150,28.75,20.50,3.42,2.99
20461317,1.8150,28.75,20.50,3.42,2.99
20461817,1.8150,28.75,20.50,3.42,2.99
20462317,1.8162,28.65,20.75,3.42,2.99
20462817,1.8162,28.65,20.75,3.42,2.99
20463317,1.8162,28.65,20.75,3.42,2.99
20463817,1.8162,28.65,20.75,3.42,2.99
20464317,1.8162,28.65,20.75,3.42,2.99
20464817,1.8162,28.65,19.75,3.43,3.00
20465317,1.8175,28.54,19.75,3.43,3.00
20465817,1.8175,28.54,19.75,3.43,3.00
20466317,1.8175,28.54,19.75,3.43,3.00
20466822,1.8175,28.54,20.75,3.45,3.00
20467322,1.8175,28.54,20.75,3.45,3.00
20467822,1.8175,28.54,20.75,3.45,3.00
20468323,1.8175,28.54,20.75,3.45,3.00
20468823,1.8175,28.54,20.75,3.45,3.00
20469322,1.8188,28.44,20.75,3.45,3.00
20469822,1.8188,28.44,20.75,3.45,3.00
20470322,1.8188,28.44,20.75,3.45,3.00
20470822,1.8188,28.44,20.50,3.45,3.00
20471322,1.8188,28.44,20.50,3.45,3.00
20471822,1.8188,28.44,20.50,3.45,3.00
20472322,1.8188,28.44,20.50,3.45,3.00
20472846,1.8188,28.44,20.25,3.45,3.00
20473345,1.8188,28.44,20.25,3.45,3.00
20473845,1.8200,28.33,20.25,3.45,3.00
20474345,1.8200,28.33,20.25,3.45,3.00
20474845,1.8200,28.33,20.25,3.45,3.00
20475345,1.8200,28.33,19.50,3.45,3.00
20475845,1.8200,28.33,19.50,3.45,3.00
20476345,1.8200,28.33,19.50,3.45,3.00
20476845,1.8200,28.33,19.50,3.45,3.00
20477345,1.8212,28.23,20.50,3.45,3.00
20477845,1.8212,28.23,20.50,3.45,3.00
20478345,1.8212,28.23,20.50,3.45,3.00
20478845,1.8212,28.23,20.50,3.45,3.00
20479345,1.8212,28.23,19.00,3.44,3.00
20479845,1.8212,28.23,19.00,3.44,3.00
20480345,1.8212,28.23,19.00,3.44,3.00
20480845,1.8212,28.23,19.00,3.44,3.00
20481346,1.8225,28.12,20.75,3.45,3.00
20481845,1.8225,28.12,20.75,3.45,3.00
20482345,1.8225,28.12,20.75,3.45,3.00
20482845,1.8225,28.12,20.75,3.45,3.00
20483345,1.8225,28.12,20.75,3.45,3.00
20483845,1.8225,28.12,20.25,3.45,3.00
20484345,1.8238,28.02,20.25,3.45,3.00
20484845,1.8238,28.02,20.25,3.45,3.00
20485345,1.8238,28.02,20.25,3.45,3.00
20485845,1.8238,28.02,20.00,3.45,3.00
20486346,1.8238,28.02,20.00,3.45,3.00
20486845,1.8238,28.02,20.00,3.45,3.00
20487345,1.8238,28.02,20.00,3.45,3.00
20487845,1.8238,28.02,20.50,3.45,3.00
20488345,1.8238,28.02,20.50,3.45,3.00
20488845,1.8250,27.92,20.50,3.45,3.00
20489346,1.8250,27.92,20.50,3.45,3.00
20489845,1.8250,27.92,20.50,3.45,3.00
20490345,1.8250,27.92,20.50,3.45,3.00
20490845,1.8250,27.92,20.50,3.45,3.00
20491345,1.8250,27.92,20.50,3.45,3.00
20491846,1.8250,27.92,20.75,3.45,3.00
20492346,1.8250,27.92,20.75,3.45,3.00
20492847,1.8250,27.92,20.75,3.45,3.00
20493345,1.8262,27.81,20.75,3.45,3.00
20493845,1.8262,27.81,20.75,3.45,3.00
20494343,1.8262,27.81,19.75,3.45,3.00
20494845,1.8262,27.81,19.75,3.45,3.00
20495355,1.8262,27.81,19.75,3.42,3.00
20495854,1.8262,27.81,19.75,3.42,3.00
20496354,1.8262,27.81,20.25,3.42,3.00
20496854,1.8275,27.71,20.25,3.42,3.00
20497376,1.8275,27.71,20.25,3.45,3.00
20497876,1.8275,27.71,20.25,3.45,3.00
20498375,1.8275,27.71,20.75,3.45,3.00
20498875,1.8275,27.71,20.75,3.45,3.00
20499375,1.8275,27.71,20.75,3.45,3.00
20499875,1.8275,27.71,20.75,3.45,3.00
20500375,1.8275,27.71,20.50,3.45,3.00
20500876,1.8275,27.71,20.50,3.45,3.00
20501375,1.8288,27.60,20.50,3.45,3.00
20501875,1.8288,27.60,20.50,3.44,3.00
20502375,1.8288,27.60,20.75,3.44,3.00
20502876,1.8288,27.60,20.75,3.44,3.00
20503375,1.8288,27.60,20.75,3.44,3.00
20503875,1.8288,27.60,20.75,3.44,3.00
20504375,1.8288,27.60,20.75,3.44,3.00
20504875,1.8300,27.50,19.50,3.44,3.00
20505375,1.8300,27.50,19.50,3.44,3.00
20505876,1.8300,27.50,19.50,3.44,3.00
20506375,1.8300,27.50,19.50,3.44,3.00
20506876,1.8300,27.50,20.75,3.44,3.00
20507375,1.8300,27.50,20.75,3.44,3.00
20507875,1.8300,27.50,20.75,3.45,3.00
20508375,1.8300,27.50,20.75,3.45,3.00
20508876,1.8300,27.50,20.75,3.45,3.00
20509376,1.8300,27.50,20.75,3.45,3.00
20509875,1.8312,27.40,20.75,3.44,3.00
20510375,1.8312,27.40,20.75,3.44,3.00
20510875,1.8312,27.40,20.75,3.44,3.00
20511375,1.8312,27.40,20.75,3.44,3.00
20511875,1.8312,27.40,20.75,3.42,3.00
20512375,1.8312,27.40,20.75,3.42,3.00
20512876,1.8312,27.40,20.50,3.42,3.00
20513375,1.8325,27.29,20.50,3.42,3.00
20513875,1.8312,27.40,20.50,3.45,3.00
20514375,1.8325,27.29,20.50,3.45,3.00
20514875,1.8325,27.29,20.50,3.45,3.00
20515375,1.8325,27.29,19.00,3.45,3.00
20515875,1.8325,27.29,19.00,3.45,3.00
20516375,1.8325,27.29,19.00,3.45,3.00
20516875,1.8325,27.29,19.00,3.45,3.00
20517375,1.8325,27.29,20.75,3.45,3.00
20517875,1.8325,27.29,20.75,3.44,3.00
20518375,1.8325,27.29,20.75,3.44,3.00
20518875,1.8338,27.19,20.75,3.44,3.00
20519375,1.8338,27.19,20.75,3.44,3.00
20519875,1.8338,27.19,20.75,3.45,3.00
20520375,1.8338,27.19,20.75,3.45,3.00
20520875,1.8338,27.19,20.75,3.45,3.00
20521376,1.8338,27.19,20.50,3.45,3.00
20521876,1.8338,27.19,20.50,3.44,3.00
20522375,1.8338,27.19,20.50,3.44,3.00
20522875,1.8350,27.08,20.50,3.44,3.00
20523375,1.8350,27.08,21.00,3.44,3.00
20523875,1.8350,27.08,21.00,3.45,3.00
20524375,1.8350,27.08,21.00,3.45,3.00
20524881,1.8350,27.08,21.00,3.45,3.00
20525382,1.8350,27.08,21.00,3.45,3.00
20525892,1.8350,27.08,19.25,3.45,3.00
20526392,1.8350,27.08,19.25,3.45,3.00
20526892,1.8350,27.08,19.25,3.45,3.00
20527392,1.8350,27.08,19.25,3.45,3.00
20527891,1.8362,26.98,20.50,3.45,3.00
20528391,1.8362,26.98,20.50,3.44,3.00
20528891,1.8362,26.98,20.50,3.44,3.00
20529391,1.8362,26.98,20.50,3.44,3.00
20529891,1.8362,26.98,20.75,3.44,3.00
20530392,1.8362,26.98,20.75,3.45,3.00
20530891,1.8362,26.98,20.75,3.45,3.00
20531391,1.8362,26.98,20.75,3.45,3.00
20531891,1.8375,26.88,20.75,3.45,3.00
20532392,1.8375,26.88,20.75,3.44,3.00
20532891,1.8375,26.88,20.75,3.44,3.00
20533391,1.8375,26.88,20.75,3.44,3.00
20533892,1.8375,26.88,20.75,3.44,3.00
20534392,1.8375,26.88,20.75,3.44,3.00
20534891,1.8375,26.88,20.75,3.44,3.00
20535392,1.8375,26.88,20.75,3.44,3.00
20535891,1.8375,26.88,20.75,3.44,3.00
20536391,1.8375,26.88,19.50,3.45,3.00
20536891,1.8388,26.77,19.50,3.45,3.00
20537391,1.8388,26.77,19.50,3.45,3.00
20537891,1.8388,26.77,19.50,3.45,3.00
20538392,1.8388,26.77,20.25,3.45,3.00
20538891,1.8388,26.77,20.25,3.45,3.00
20539391,1.8388,26.77,20.25,3.45,3.00
20539891,1.8388,26.77,20.25,3.45,3.00
20540391,1.8388,26.77,20.75,3.42,3.00
20540891,1.8388,26.77,20.75,3.42,3.00
20541391,1.8400,26.67,20.75,3.42,3.00
20541891,1.8400,26.67,20.75,3.42,3.00
20542392,1.8400,26.67,19.50,3.44,3.00
20542891,1.8400,26.67,19.50,3.44,3.00
20543391,1.8400,26.67,19.50,3.44,3.00
20543891,1.8400,26.67,19.50,3.44,3.00
20544391,1.8400,26.67,19.50,3.42,3.00
20544891,1.8400,26.67,20.75,3.42,3.00
20545392,1.8400,26.67,20.75,3.42,3.00
20545891,1.8400,26.67,20.75,3.42,3.00
20546392,1.8412,26.56,20.75,3.44,3.00
20546891,1.8412,26.56,20.50,3.44,3.00
20547391,1.8412,26.56,20.50,3.44,3.00
20547891,1.8412,26.56,20.50,3.44,3.00
20548391,1.8412,26.56,20.50,3.44,3.00
20548891,1.8412,26.56,20.75,3.44,3.00
20549391,1.8412,26.56,20.75,3.44,3.00
20549891,1.8412,26.56,20.75,3.44,3.00
20550392,1.8412,26.56,20.75,3.45,3.00
20550891,1.8412,26.56,20.50,3.45,3.00
20551391,1.8412,26.56,20.50,3.45,3.00
20551891,1.8425,26.46,20.50,3.45,3.00
20552398,1.8425,26.46,20.50,3.45,3.00
20552898,1.8425,26.46,20.50,3.45,3.00
20553397,1.8425,26.46,20.50,3.45,3.00
20553897,1.8425,26.46,20.50,3.45,3.00
20554419,1.8425,26.46,20.50,3.44,3.00
20554918,1.8425,26.46,20.50,3.44,3.00
20555418,1.8425,26.46,19.50,3.44,3.00
20555918,1.8425,26.46,19.50,3.44,3.00
20556418,1.8438,26.35,19.50,3.44,3.00
20556919,1.8438,26.35,19.50,3.44,3.00
20557418,1.8438,26.35,20.50,3.44,3.00
20557918,1.8438,26.35,20.50,3.44,3.00
20558418,1.8438,26.35,20.50,3.44,3.00
20558918,1.8438,26.35,20.50,3.44,3.00
20559418,1.8438,26.35,20.50,3.44,3.00
20559918,1.8438,26.35,20.50,3.44,3.00
20560418,1.8438,26.35,20.50,3.44,3.00
20560918,1.8438,26.35,20.50,3.45,3.00
20561418,1.8450,26.25,20.50,3.45,3.00
20561918,1.8450,26.25,20.50,3.45,3.00
20562418,1.8450,26.25,20.50,3.45,3.00
20562918,1.8450,26.25,20.50,3.44,3.00
20563418,1.8450,26.25,20.50,3.44,3.00
20563918,1.8450,26.25,20.00,3.44,3.00
20564418,1.8450,26.25,20.00,3.44,3.00
20564918,1.8450,26.25,20.00,3.44,3.00
20565418,1.8450,26.25,20.00,3.44,3.00
20565918,1.8450,26.25,20.25,3.44,3.00
20566418,1.8450,26.25,20.25,3.44,3.00
20566918,1.8463,26.15,20.25,3.44,3.00
20567418,1.8463,26.15,20.25,3.44,3.00
20567918,1.8450,26.25,20.50,3.44,3.00
20568418,1.8463,26.15,20.50,3.44,3.00
20568918,1.8463,26.15,20.50,3.44,3.00
20569418,1.8463,26.15,20.50,3.44,3.00
20569918,1.8463,26.15,20.75,3.44,3.00
20570418,1.8463,26.15,20.75,3.44,3.00
20570918,1.8463,26.15,20.75,3.45,3.00
20571418,1.8475,26.04,20.75,3.45,3.00
20571919,1.8463,26.15,20.75,3.45,3.00
20572418,1.8475,26.04,19.75,3.45,3.00
20572918,1.8475,26.04,19.75,3.44,3.00
20573418,1.8475,26.04,19.75,3.44,3.00
20573919,1.8475,26.04,19.75,3.44,3.00
20574418,1.8475,26.04,20.25,3.44,3.00
20574918,1.8475,26.04,20.25,3.44,3.00
20575418,1.8475,26.04,20.25,3.44,3.00
20575918,1.8475,26.04,20.25,3.44,3.00
20576418,1.8475,26.04,20.50,3.44,3.00
20576918,1.8487,25.94,20.50,3.45,3.00
20577418,1.8487,25.94,20.50,3.45,3.00
20577918,1.8487,25.94,20.50,3.45,3.00
20578418,1.8487,25.94,20.50,3.45,3.00
20578918,1.8487,25.94,20.50,3.45,3.00
20579418,1.8487,25.94,20.50,3.45,3.00
20579918,1.8487,25.94,20.50,3.45,3.00
20580418,1.8487,25.94,20.25,3.45,3.00
20580918,1.8487,25.94,20.25,3.44,3.00
20581418,1.8487,25.94,20.25,3.44,3.00
20581925,1.8500,25.83,20.25,3.44,3.00
20582424,1.8500,25.83,20.25,3.44,3.00
20582933,1.8500,25.83,19.50,3.42,3.00
20583432,1.8500,25.83,19.50,3.42,3.00
20583932,1.8500,25.83,19.50,3.42,3.00
20584432,1.8500,25.83,19.50,3.42,3.00
20584933,1.8500,25.83,20.75,3.42,3.00
20585432,1.8500,25.83,20.75,3.44,3.00
20585932,1.8500,25.83,20.75,3.44,3.00
20586432,1.8513,25.73,20.75,3.44,3.00
20586932,1.8500,25.83,20.75,3.44,3.00
20587432,1.8500,25.83,20.75,3.44,3.00
20587932,1.8513,25.73,20.75,3.44,3.00
20588432,1.8513,25.73,20.75,3.44,3.00
20588932,1.8513,25.73,20.75,3.44,3.00
20589433,1.8513,25.73,20.75,3.44,3.00
20589932,1.8513,25.73,20.75,3.44,3.00
20590432,1.8513,25.73,20.75,3.44,3.00
20590932,1.8513,25.73,20.75,3.44,3.00
20591432,1.8513,25.73,20.75,3.44,3.00
20591932,1.8513,25.73,20.75,3.44,3.00
20592432,1.8525,25.67,20.75,3.44,3.00
20592932,1.8525,25.63,20.75,3.44,3.00
20593433,1.8525,25.63,19.25,3.44,3.00
20593932,1.8525,25.63,19.25,3.44,3.00
20594432,1.8525,25.63,19.25,3.44,3.00
20594932,1.8525,25.63,19.25,3.44,3.00
20595433,1.8525,25.63,20.75,3.44,3.00
20595932,1.8525,25.63,20.75,3.44,3.00
20596433,1.8525,25.63,20.75,3.44,3.00
20596932,1.8525,25.63,20.75,3.44,3.00
20597433,1.8525,25.63,20.75,3.44,3.00
20597932,1.8525,25.63,20.75,3.44,3.00
20598432,1.8537,25.52,20.75,3.44,3.00
20598932,1.8537,25.52,20.75,3.44,3.00
20599433,1.8537,25.52,19.25,3.44,3.00
20599932,1.8537,25.52,19.25,3.44,3.00
20600432,1.8537,25.52,19.25,3.44,3.00
20600932,1.8537,25.52,19.25,3.44,3.00
20601433,1.8537,25.52,20.75,3.42,3.00
20601932,1.8537,25.52,20.75,3.42,3.00
20602432,1.8537,25.52,20.75,3.42,3.00
20602932,1.8550,25.42,20.75,3.42,3.00
20603432,1.8537,25.52,20.75,3.44,3.00
20603932,1.8550,25.42,19.50,3.44,3.00
20604432,1.8550,25.42,19.50,3.44,3.00
20604932,1.8550,25.42,19.50,3.44,3.00
20605432,1.8550,25.42,19.50,3.44,3.00
20605933,1.8550,25.42,20.50,3.44,3.00
20606432,1.8550,25.42,20.50,3.44,3.00
20606932,1.8550,25.42,20.50,3.44,3.00
20607432,1.8550,25.42,20.50,3.44,3.00
20607933,1.8550,25.42,20.75,3.44,3.00
20608433,1.8550,25.42,20.75,3.44,3.00
20608932,1.8550,25.42,20.75,3.44,3.00
20609433,1.8550,25.42,20.75,3.44,3.00
20609932,1.8550,25.42,20.50,3.44,3.00
20610440,1.8563,25.31,20.50,3.44,3.00
20610939,1.8563,25.31,20.50,3.44,3.00
20611450,1.8563,25.31,20.50,3.42,3.00
20611949,1.8563,25.31,20.75,3.42,3.00
20612449,1.8563,25.31,20.75,3.42,3.00
20612959,1.8563,25.31,20.75,3.42,3.00
20613450,1.8563,25.31,20.75,3.42,3.00
20613949,1.8563,25.31,20.75,3.44,3.00
20614449,1.8563,25.31,19.50,3.44,3.00
20614949,1.8575,25.21,19.50,3.44,3.00
20615449,1.8575,25.21,19.50,3.44,3.00
20615950,1.8575,25.21,19.50,3.44,3.00
20616449,1.8575,25.21,20.75,3.44,3.00
20616949,1.8575,25.21,20.75,3.44,3.00
20617449,1.8575,25.21,20.75,3.44,3.00
20617950,1.8575,25.21,20.75,3.44,3.00
20618449,1.8575,25.21,20.75,3.44,3.00
20618949,1.8575,25.21,20.75,3.44,3.00
20619449,1.8575,25.21,20.75,3.44,3.00
20619949,1.8575,25.21,20.75,3.44,3.00
20620449,1.8575,25.21,20.75,3.44,3.00
20620949,1.8575,25.21,20.75,3.44,3.00
20621449,1.8575,25.21,20.75,3.44,3.00
20621949,1.8575,25.21,20.75,3.44,3.00
20622448,1.8587,25.10,20.75,3.44,3.00
20622949,1.8587,25.10,20.75,3.44,3.00
20623450,1.8587,25.10,20.75,3.44,3.00
20623950,1.8587,25.10,20.75,3.42,3.00
20624449,1.8587,25.10,20.75,3.42,3.00
20624949,1.8587,25.10,18.75,3.42,3.00
20625449,1.8587,25.10,18.75,3.42,3.00
20625950,1.8587,25.10,18.75,3.44,3.00
20626450,1.8587,25.10,18.75,3.44,3.00
20626949,1.8600,25.00,20.50,3.44,3.00
20627449,1.8600,25.00,20.50,3.44,3.00
20627950,1.8600,25.00,20.50,3.42,3.00
20628449,1.8600,25.00,20.50,3.42,3.00
20628949,1.8600,25.00,20.75,3.42,3.00
20629449,1.8600,25.00,20.75,3.42,3.00
20629949,1.8600,25.00,20.75,3.44,3.00
20630449,1.8600,25.00,20.75,3.44,3.00
20630950,1.8600,25.00,20.50,3.44,3.00
20631449,1.8600,25.00,20.50,3.44,3.00
20631950,1.8600,25.00,20.50,3.44,3.00
20632449,1.8600,25.00,20.50,3.44,3.00
20632949,1.8600,25.00,20.75,3.44,3.00
20633449,1.8613,24.90,20.75,3.44,3.00
20633949,1.8613,24.90,20.75,3.42,3.00
20634449,1.8613,24.90,20.75,3.42,3.00
20634949,1.8613,24.90,20.75,3.42,3.00
20635449,1.8613,24.90,19.50,3.42,3.00
20635950,1.8613,24.90,19.50,3.44,3.00
20636449,1.8613,24.90,19.50,3.44,3.00
20636949,1.8613,24.90,19.50,3.44,3.00
20637449,1.8613,24.90,20.25,3.44,3.00
20637949,1.8613,24.90,20.25,3.44,3.00
20638449,1.8613,24.90,20.25,3.44,3.00
20638956,1.8613,24.90,20.25,3.44,3.00
20639456,1.8625,24.79,20.75,3.44,3.00
20639966,1.8625,24.79,20.75,3.44,3.00
20640466,1.8625,24.79,20.75,3.44,3.00
20640965,1.8625,24.79,20.75,3.44,3.00
20641465,1.8625,24.79,20.50,3.44,3.00
20641965,1.8625,24.79,20.50,3.44,3.00
20642465,1.8625,24.79,20.50,3.44,3.00
20642965,1.8625,24.79,20.50,3.44,3.00
20643465,1.8625,24.79,20.75,3.44,3.00
20643965,1.8625,24.79,20.75,3.44,3.00
20644465,1.8625,24.79,20.75,3.44,3.00
20644965,1.8625,24.79,20.75,3.44,3.00
20645466,1.8625,24.79,20.75,3.44,3.00
20645965,1.8625,24.79,18.75,3.44,3.00
20646465,1.8637,24.69,18.75,3.44,3.00
20646965,1.8637,24.69,18.75,3.44,3.00
20647465,1.8637,24.69,18.75,3.44,3.00
20647965,1.8637,24.69,20.50,3.44,3.00
20648466,1.8637,24.69,20.50,3.44,3.00
20648965,1.8637,24.69,20.50,3.44,3.00
20649465,1.8637,24.69,20.50,3.44,3.00
20649965,1.8637,24.69,20.50,3.44,3.00
20650466,1.8637,24.69,20.50,3.42,3.00
20650965,1.8637,24.69,20.50,3.42,3.00
20651465,1.8637,24.69,20.50,3.42,3.00
20651965,1.8637,24.69,20.75,3.42,3.00
20652465,1.8637,24.69,20.75,3.44,3.00
20652965,1.8637,24.69,20.75,3.44,3.00
20653465,1.8650,24.58,20.75,3.44,3.00
20653965,1.8650,24.58,20.75,3.44,3.00
20654466,1.8650,24.58,19.50,3.44,3.00
20654965,1.8650,24.58,19.50,3.44,3.00
20655465,1.8650,24.58,19.50,3.44,3.00
20655965,1.8650,24.58,19.50,3.44,3.00
20656465,1.8650,24.58,20.50,3.42,3.01
20656965,1.8650,24.58,20.50,3.42,3.01
20657465,1.8650,24.58,20.50,3.42,3.01
20657965,1.8650,24.58,20.50,3.42,3.01
20658466,1.8650,24.58,20.75,3.44,3.00
20658965,1.8650,24.58,20.75,3.44,3.00
20659466,1.8663,24.48,20.75,3.44,3.00
20659965,1.8663,24.48,20.75,3.44,3.00
20660465,1.8650,24.58,20.75,3.42,3.00
20660965,1.8663,24.48,20.75,3.42,3.00
20661466,1.8663,24.48,20.75,3.42,3.00
20661965,1.8663,24.48,20.75,3.42,3.00
20662466,1.8663,24.48,20.75,3.44,3.01
20662965,1.8663,24.48,19.50,3.44,3.01
20663465,1.8663,24.48,19.50,3.44,3.01
20663965,1.8663,24.48,19.50,3.44,3.01
20664465,1.8663,24.48,19.50,3.44,3.00
20664965,1.8663,24.48,20.50,3.44,3.00
20665465,1.8663,24.48,20.50,3.44,3.00
20665965,1.8663,24.48,20.50,3.44,3.00
20666465,1.8675,24.38,20.50,3.44,3.01
20666965,1.8675,24.38,20.50,3.44,3.01
20667469,1.8675,24.38,20.50,3.44,3.01
20667969,1.8675,24.38,20.50,3.44,3.01
20668480,1.8675,24.38,20.50,3.44,3.01
20668979,1.8675,24.38,20.50,3.44,3.01
20669479,1.8675,24.38,20.50,3.44,3.01
20669979,1.8675,24.38,20.50,3.44,3.01
20670479,1.8675,24.38,20.50,3.44,3.01
20670980,1.8675,24.38,20.25,3.44,3.01
20671479,1.8675,24.38,20.25,3.44,3.01
20671980,1.8675,24.38,20.25,3.44,3.01
20672479,1.8675,24.38,20.25,3.44,3.01
20672980,1.8675,24.38,20.25,3.44,3.01
20673479,1.8687,24.27,19.75,3.44,3.01
20673979,1.8675,24.38,19.75,3.44,3.01
20674479,1.8687,24.27,19.75,3.44,3.01
20674980,1.8687,24.27,19.75,3.44,3.01
20675479,1.8687,24.27,20.25,3.44,3.01
20675979,1.8687,24.27,20.25,3.44,3.01
20676479,1.8687,24.27,20.25,3.44,3.01
20676980,1.8687,24.27,20.25,3.44,3.01
20677479,1.8687,24.27,20.75,3.44,3.01
20677979,1.8687,24.27,20.75,3.44,3.01
20678479,1.8687,24.27,20.75,3.44,3.01
20678980,1.8687,24.27,20.75,3.44,3.01
20679479,1.8687,24.27,20.50,3.44,3.01
20679979,1.8687,24.27,20.50,3.44,3.01
20680479,1.8700,24.17,20.50,3.44,3.01
20680979,1.8700,24.17,20.50,3.44,3.01
20681479,1.8700,24.17,20.50,3.44,3.01
20681979,1.8700,24.17,20.50,3.44,3.01
20682479,1.8700,24.17,20.50,3.44,3.01
20682979,1.8700,24.17,20.50,3.44,3.01
20683479,1.8700,24.17,20.50,3.44,3.01
20683980,1.8700,24.17,19.50,3.44,3.01
20684480,1.8700,24.17,19.50,3.44,3.01
20684979,1.8700,24.17,19.50,3.44,3.01
20685479,1.8700,24.17,19.50,3.44,3.01
20685979,1.8700,24.17,20.25,3.44,3.01
20686479,1.8700,24.17,20.25,3.44,3.01
20686979,1.8700,24.17,20.25,3.44,3.01
20687479,1.8700,24.17,20.25,3.44,3.01
20687979,1.8700,24.17,20.75,3.44,3.01
20688479,1.8713,24.06,20.75,3.44,3.01
20688980,1.8713,24.06,20.75,3.44,3.01
20689479,1.8713,24.06,20.75,3.44,3.01
20689980,1.8713,24.06,20.00,3.44,3.01
20690479,1.8713,24.06,20.00,3.44,3.01
20690979,1.8713,24.06,20.00,3.44,3.01
20691479,1.8713,24.06,20.00,3.44,3.01
20691980,1.8713,24.06,20.50,3.44,3.01
20692479,1.8713,24.06,20.50,3.44,3.01
20692991,1.8713,24.06,20.50,3.44,3.01
20693490,1.8713,24.06,20.50,3.44,3.01
20693990,1.8713,24.06,20.50,3.44,3.01
20694490,1.8713,24.06,19.50,3.44,3.01
20694990,1.8713,24.06,19.50,3.44,3.01
20695490,1.8713,24.06,19.50,3.44,3.01
20695990,1.8725,23.96,19.50,3.44,3.01
20696491,1.8725,23.96,21.00,3.44,3.01
20696990,1.8713,24.06,21.00,3.44,3.01
20697490,1.8725,23.96,21.00,3.42,3.01
20697990,1.8725,23.96,21.00,3.42,3.01
20698490,1.8713,24.06,20.75,3.42,3.01
20698991,1.8725,23.96,20.75,3.42,3.01
20699490,1.8725,23.96,20.75,3.44,3.01
20699991,1.8725,23.96,20.75,3.44,3.01
20700490,1.8725,23.96,20.75,3.44,3.01
20700991,1.8725,23.96,20.75,3.44,3.01
20701490,1.8725,23.96,20.75,3.44,3.01
20701991,1.8725,23.96,20.75,3.44,3.01
20702490,1.8725,23.96,20.00,3.44,3.01
20702990,1.8725,23.96,20.00,3.44,3.01
20703490,1.8725,23.96,20.00,3.44,3.01
20703993,1.8737,23.85,20.00,3.44,3.01
20704493,1.8737,23.85,20.00,3.44,3.01
20704993,1.8737,23.85,19.25,3.44,3.01
20705493,1.8737,23.85,19.25,3.44,3.01
20705993,1.8737,23.85,19.25,3.44,3.01
20706494,1.8737,23.85,19.25,3.44,3.01
20706993,1.8737,23.85,21.25,3.44,3.01
20707493,1.8737,23.85,21.25,3.44,3.01
20707993,1.8737,23.85,21.25,3.44,3.01
20708494,1.8737,23.85,21.25,3.44,3.01
20708993,1.8737,23.85,20.75,3.44,3.01
20709493,1.8737,23.85,20.75,3.42,3.01
20709994,1.8737,23.85,20.75,3.42,3.01
20710494,1.8737,23.85,20.75,3.42,3.01
20710993,1.8737,23.85,20.75,3.42,3.01
20711493,1.8737,23.85,20.75,3.44,3.01
20711993,1.8750,23.75,20.75,3.44,3.01
20712493,1.8750,23.75,20.75,3.44,3.01
20712993,1.8750,23.75,20.75,3.44,3.01
20713493,1.8750,23.75,20.75,3.44,3.01
20713993,1.8750,23.75,20.75,3.44,3.01
20714494,1.8750,23.75,20.75,3.44,3.01
20714993,1.8750,23.75,20.75,3.44,3.01
20715522,1.8750,23.75,19.50,3.44,3.01
20716021,1.8737,23.85,19.50,3.44,3.01
20716521,1.8750,23.75,19.50,3.44,3.01
20717021,1.8750,23.75,19.50,3.44,3.01
20717522,1.8750,23.75,21.00,3.44,3.01
20718021,1.8750,23.75,21.00,3.44,3.01
20718521,1.8750,23.75,21.00,3.44,3.01
20719021,1.8750,23.75,21.00,3.44,3.01
20719522,1.8750,23.75,20.00,3.44,3.01
20720021,1.8750,23.75,20.00,3.44,3.01
20720521,1.8763,23.65,20.00,3.44,3.01
20721021,1.8763,23.65,20.00,3.44,3.01
20721521,1.8763,23.65,19.50,3.44,3.01
20722021,1.8763,23.65,19.50,3.44,3.01
20722521,1.8763,23.65,19.50,3.44,3.01
20723021,1.8763,23.65,19.50,3.44,3.01
20723522,1.8763,23.65,20.75,3.44,3.01
20724021,1.8763,23.65,20.75,3.44,3.01
20724521,1.8763,23.65,20.75,3.44,3.01
20725021,1.8763,23.65,20.75,3.44,3.01
20725521,1.8763,23.65,20.75,3.44,3.01
20726021,1.8763,23.65,20.00,3.44,3.01
20726521,1.8763,23.65,20.00,3.44,3.01
20727021,1.8763,23.65,20.00,3.44,3.01
20727521,1.8763,23.65,20.00,3.44,3.01
20728021,1.8763,23.65,20.00,3.42,3.01
20728521,1.8775,23.54,20.00,3.42,3.01
20729021,1.8775,23.54,20.00,3.42,3.01
20729521,1.8775,23.54,20.00,3.42,3.01
20730021,1.8775,23.54,21.00,3.44,3.01
20730521,1.8775,23.54,21.00,3.44,3.01
20731021,1.8775,23.54,21.00,3.44,3.01
20731521,1.8775,23.54,21.00,3.44,3.01
20732022,1.8775,23.54,20.75,3.44,3.01
20732521,1.8775,23.54,20.75,3.44,3.01
20733022,1.8763,23.65,20.75,3.44,3.01
20733521,1.8775,23.54,20.75,3.44,3.01
20734021,1.8775,23.54,20.75,3.44,3.01
20734522,1.8775,23.54,20.75,3.44,3.01
20735021,1.8775,23.54,20.75,3.44,3.01
20735521,1.8775,23.54,20.75,3.44,3.01
20736021,1.8775,23.54,20.75,3.44,3.01
20736521,1.8775,23.54,20.00,3.44,3.01
20737021,1.8775,23.54,20.00,3.44,3.01
20737521,1.8787,23.44,20.00,3.44,3.01
20738021,1.8775,23.54,20.00,3.44,3.01
20738529,1.8787,23.44,20.75,3.44,3.01
20739029,1.8787,23.44,20.75,3.44,3.01
20739529,1.8787,23.44,20.75,3.44,3.01
20740050,1.8787,23.44,20.75,3.44,3.01
20740549,1.8775,23.54,20.75,3.44,3.01
20741049,1.8787,23.44,20.75,3.44,3.01
20741549,1.8787,23.44,20.75,3.44,3.01
20742049,1.8787,23.44,20.75,3.44,3.01
20742549,1.8787,23.44,20.50,3.44,3.01
20743049,1.8787,23.44,20.50,3.44,3.01
20743549,1.8787,23.44,20.50,3.44,3.01
20744049,1.8787,23.44,20.50,3.44,3.01
20744549,1.8775,23.54,20.50,3.44,3.01
20745049,1.8787,23.44,19.50,3.44,3.01
20745549,1.8787,23.44,19.50,3.44,3.01
20746049,1.8787,23.44,19.50,3.44,3.01
20746550,1.8800,23.33,19.50,3.44,3.01
20747050,1.8800,23.33,20.50,3.44,3.01
20747549,1.8787,23.44,20.50,3.44,3.01
20748049,1.8787,23.44,20.50,3.44,3.01
20748549,1.8787,23.44,20.50,3.44,3.01
20749049,1.8800,23.33,20.75,3.44,3.01
20749549,1.8800,23.33,20.75,3.44,3.01
20750049,1.8800,23.33,20.75,3.44,3.01
20750548,1.8800,23.33,20.75,3.44,3.01
20751049,1.8800,23.33,20.75,3.44,3.01
20751549,1.8800,23.33,20.75,3.44,3.01
20752050,1.8800,23.33,20.75,3.44,3.01
20752549,1.8800,23.33,20.75,3.44,3.01
20753049,1.8800,23.33,20.25,3.44,3.01
20753549,1.8800,23.33,20.25,3.44,3.01
20754050,1.8800,23.33,20.25,3.44,3.01
20754550,1.8800,23.33,20.25,3.44,3.01
20755050,1.8800,23.33,20.25,3.44,3.01
20755549,1.8800,23.33,19.50,3.44,3.01
20756049,1.8800,23.33,19.50,3.44,3.01
20756549,1.8813,23.23,19.50,3.44,3.01
20757049,1.8800,23.33,19.50,3.44,3.01
20757549,1.8813,23.23,20.75,3.44,3.01
20758049,1.8813,23.23,20.75,3.44,3.01
20758550,1.8813,23.23,20.75,3.44,3.01
20759049,1.8800,23.33,20.75,3.44,3.01
20759549,1.8813,23.23,20.75,3.44,3.01
20760049,1.8813,23.23,20.75,3.44,3.01
20760549,1.8813,23.23,20.75,3.44,3.01
20761050,1.8800,23.33,20.75,3.44,3.01
20761549,1.8813,23.23,20.75,3.44,3.01
20762050,1.8813,23.23,20.75,3.44,3.01
20762550,1.8813,23.30,20.75,3.44,3.01
20763049,1.8813,23.23,20.75,3.44,3.01
20763549,1.8800,23.33,20.75,3.44,3.01
20764049,1.8813,23.23,20.75,3.44,3.01
20764578,1.8813,23.23,20.75,3.44,3.01
20765077,1.8813,23.23,20.75,3.44,3.01
20765577,1.8813,23.23,20.75,3.44,3.01
20766077,1.8813,23.23,20.00,3.44,3.01
20766577,1.8813,23.23,20.00,3.44,3.01
20767078,1.8813,23.23,20.00,3.44,3.01
20767577,1.8813,23.23,20.00,3.44,3.01
20768077,1.8825,23.12,20.50,3.44,3.01
20768577,1.8825,23.12,20.50,3.44,3.01
20769077,1.8825,23.21,20.50,3.42,3.01
20769577,1.8813,23.23,20.50,3.42,3.01
20770077,1.8825,23.12,20.75,3.42,3.01
20770577,1.8825,23.12,20.75,3.42,3.01
20771077,1.8813,23.23,20.75,3.42,3.01
20771577,1.8825,23.12,20.75,3.42,3.01
20772077,1.8825,23.12,20.75,3.42,3.01
20772577,1.8825,23.12,20.75,3.42,3.01
20773077,1.8825,23.12,20.75,3.42,3.01
20773578,1.8825,23.12,20.75,3.42,3.01
20774077,1.8825,23.12,19.25,3.42,3.01
20774577,1.8813,23.23,19.25,3.42,3.01
20775077,1.8825,23.12,19.25,3.44,3.01
20775577,1.8825,23.12,19.25,3.44,3.01
20776077,1.8825,23.12,19.25,3.44,3.01
20776577,1.8837,23.02,19.50,3.44,3.01
20777077,1.8825,23.12,19.50,3.44,3.01
20777577,1.8825,23.12,19.50,3.44,3.01
20778077,1.8837,23.02,19.50,3.44,3.01
20778577,1.8837,23.02,20.75,3.44,3.01
20779077,1.8837,23.02,20.75,3.44,3.01
20779577,1.8837,23.02,20.75,3.44,3.01
20780077,1.8825,23.12,20.75,3.44,3.01
20780577,1.8837,23.02,20.75,3.44,3.01
20781077,1.8837,23.02,20.75,3.44,3.01
20781577,1.8825,23.12,20.75,3.44,3.01
20782087,1.8837,23.02,20.75,3.44,3.01
20782587,1.8837,23.02,20.25,3.44,3.01
20783087,1.8837,23.02,20.25,3.44,3.01
20783587,1.8825,23.06,20.25,3.44,3.01
20784087,1.8837,23.02,20.25,3.44,3.01
20784587,1.8837,23.02,20.00,3.44,3.01
20785087,1.8837,23.02,20.00,3.44,3.01
20785587,1.8837,23.02,20.00,3.44,3.01
20786087,1.8825,23.12,20.00,3.44,3.01
20786587,1.8837,23.02,20.00,3.44,3.01
20787087,1.8837,23.02,19.50,3.44,3.01
20787587,1.8850,22.92,19.50,3.44,3.01
20788087,1.8850,22.92,19.50,3.44,3.01
20788587,1.8850,22.92,19.50,3.44,3.01
20789087,1.8850,22.92,21.00,3.42,3.01
20789587,1.8850,22.92,21.00,3.42,3.01
20790087,1.8837,23.02,21.00,3.42,3.01
20790587,1.8837,23.02,21.00,3.42,3.01
20791088,1.8850,22.92,20.50,3.44,3.01
20791587,1.8850,22.92,20.50,3.44,3.01
20792087,1.8850,22.92,20.50,3.44,3.01
20792587,1.8850,22.92,20.50,3.44,3.01
20793094,1.8850,22.92,21.00,3.44,3.01
20793593,1.8850,22.92,21.00,3.44,3.01
20794093,1.8837,23.02,21.00,3.44,3.01
20794593,1.8837,23.02,21.00,3.44,3.01
20795094,1.8850,22.92,20.25,3.44,3.01
20795593,1.8850,22.92,20.25,3.44,3.01
20796093,1.8850,22.92,20.25,3.44,3.01
20796593,1.8850,22.92,20.25,3.44,3.01
20797093,1.8850,22.92,20.25,3.44,3.01
20797594,1.8850,22.92,19.50,3.44,3.01
20798093,1.8850,22.99,19.50,3.44,3.01
20798593,1.8850,22.92,19.50,3.44,3.01
20799093,1.8850,22.92,19.50,3.44,3.01
20799594,1.8850,22.92,20.75,3.44,3.01
20800093,1.8850,22.92,20.75,3.44,3.01
20800593,1.8825,23.12,20.75,3.44,3.01
20801093,1.8863,22.81,20.75,3.44,3.01
20801593,1.8850,22.92,21.00,3.44,3.01
20802093,1.8863,22.81,21.00,3.44,3.01
20802593,1.8863,22.81,21.00,3.44,3.01
20803093,1.8850,22.92,21.00,3.44,3.01
20803593,1.8863,22.81,20.75,3.44,3.01
20804093,1.8863,22.81,20.75,3.44,3.01
20804594,1.8850,22.92,20.75,3.44,3.01
20805093,1.8850,22.92,20.75,3.44,3.01
20805593,1.8863,22.81,20.75,3.44,3.01
20806093,1.8863,22.81,20.75,3.44,3.01
20806593,1.8863,22.81,20.75,3.44,3.01
20807093,1.8837,23.02,20.75,3.44,3.01
20807593,1.8863,22.81,20.75,3.44,3.01
20808093,1.8863,22.81,19.50,3.44,3.01
20808593,1.8863,22.81,19.50,3.44,3.01
20809093,1.8850,22.92,19.50,3.44,3.01
20809593,1.8863,22.81,19.50,3.44,3.01
20810093,1.8863,22.81,21.00,3.44,3.01
20810593,1.8863,22.81,21.00,3.44,3.01
20811093,1.8863,22.81,21.00,3.44,3.01
20811594,1.8863,22.81,21.00,3.44,3.01
20812093,1.8863,22.81,21.00,3.44,3.01
20812593,1.8863,22.81,21.00,3.44,3.01
20813093,1.8850,22.92,21.00,3.44,3.01
20813593,1.8875,22.71,21.00,3.44,3.01
20814093,1.8863,22.81,21.00,3.44,3.01
20814600,1.8875,22.80,21.00,3.44,3.01
20815099,1.8875,22.71,21.00,3.44,3.01
20815599,1.8875,22.71,21.00,3.44,3.01
20816099,1.8875,22.71,20.75,3.44,3.01
20816599,1.8875,22.71,20.75,3.44,3.01
20817099,1.8863,22.81,20.75,3.44,3.01
20817599,1.8863,22.81,20.75,3.42,3.01
20818100,1.8875,22.71,20.75,3.42,3.01
20818599,1.8875,22.71,19.25,3.42,3.01
20819099,1.8875,22.71,19.25,3.42,3.01
20819599,1.8875,22.71,19.25,3.44,3.01
20820100,1.8875,22.71,19.25,3.44,3.01
20820599,1.8875,22.71,19.75,3.44,3.01
20821099,1.8875,22.71,19.75,3.44,3.01
20821625,1.8863,22.81,19.75,3.42,3.01
20822124,1.8850,22.92,19.75,3.42,3.01
20822624,1.8875,22.71,20.50,3.42,3.01
20823124,1.8875,22.71,20.50,3.42,3.01
20823624,1.8863,22.81,20.50,3.42,3.01
20824124,1.8875,22.71,20.50,3.44,3.01
20824624,1.8863,22.81,20.50,3.44,3.01
20825124,1.8875,22.72,20.50,3.44,3.01
20825624,1.8875,22.71,20.50,3.44,3.01
20826125,1.8875,22.71,20.50,3.44,3.01
20826624,1.8875,22.71,21.00,3.44,3.01
20827125,1.8875,22.71,21.00,3.44,3.01
20827624,1.8875,22.71,21.00,3.44,3.01
20828125,1.8875,22.71,21.00,3.44,3.01
20828624,1.8875,22.71,21.00,3.44,3.01
20829124,1.8887,22.60,20.00,3.44,3.01
20829624,1.8887,22.60,20.00,3.44,3.01
20830125,1.8875,22.71,20.00,3.44,3.01
20830624,1.8887,22.60,20.00,3.44,3.01
20831124,1.8887,22.60,21.00,3.44,3.01
20831624,1.8887,22.60,21.00,3.44,3.01
20832124,1.8863,22.81,21.00,3.44,3.01
20832624,1.8887,22.60,21.00,3.44,3.01
20833124,1.8875,22.71,20.75,3.44,3.01
20833624,1.8887,22.60,20.75,3.44,3.01
20834125,1.8875,22.71,20.75,3.42,3.01
20834624,1.8875,22.71,20.75,3.42,3.01
20835124,1.8887,22.60,20.75,3.42,3.01
20835624,1.8887,22.60,20.75,3.42,3.01
20836124,1.8875,22.71,20.75,3.44,3.01
20836624,1.8863,22.81,20.75,3.44,3.01
20837125,1.8863,22.81,20.50,3.44,3.01
20837624,1.8875,22.71,20.50,3.44,3.01
20838124,1.8887,22.60,20.50,3.44,3.01
20838624,1.8887,22.60,20.50,3.44,3.01
20839124,1.8887,22.60,20.50,3.44,3.01
20839625,1.8900,22.57,19.50,3.44,3.01
20840124,1.8875,22.71,19.50,3.44,3.01
20840624,1.8900,22.50,19.50,3.44,3.01
20841124,1.8887,22.60,19.50,3.44,3.01
20841624,1.8900,22.50,21.00,3.44,3.01
20842124,1.8900,22.50,21.00,3.44,3.01
20842624,1.8900,22.50,21.00,3.44,3.01
20843124,1.8900,22.50,21.00,3.44,3.01
20843625,1.8887,22.60,20.75,3.44,3.01
20844125,1.8875,22.71,20.75,3.44,3.01
20844624,1.8887,22.60,20.75,3.44,3.01
20845125,1.8887,22.60,20.75,3.44,3.01
20845624,1.8900,22.50,21.00,3.44,3.01
20846124,1.8900,22.50,21.00,3.44,3.01
20846624,1.8900,22.50,21.00,3.44,3.01
20847124,1.8900,22.50,21.00,3.44,3.01
20847624,1.8900,22.50,20.50,3.44,3.01
20848124,1.8900,22.50,20.50,3.44,3.01
20848624,1.8900,22.50,20.50,3.44,3.01
20849124,1.8875,22.71,20.50,3.44,3.01
20849624,1.8900,22.50,20.50,3.44,3.01
20850143,1.8900,22.50,19.50,3.44,3.01
20850642,1.8900,22.50,19.50,3.44,3.01
20851142,1.8900,22.50,19.50,3.44,3.01
20851642,1.8900,22.50,19.50,3.44,3.01
20852142,1.8900,22.50,20.50,3.44,3.01
20852642,1.8913,22.40,20.50,3.44,3.01
20853143,1.8887,22.60,20.50,3.44,3.01
20853643,1.8887,22.60,20.50,3.44,3.01
20854142,1.8900,22.50,20.75,3.44,3.01
20854643,1.8900,22.50,20.75,3.44,3.01
20855142,1.8900,22.50,20.75,3.44,3.01
20855642,1.8900,22.50,20.75,3.44,3.01
20856142,1.8900,22.50,21.00,3.44,3.01
20856642,1.8887,22.60,21.00,3.42,3.01
20857142,1.8913,22.40,21.00,3.42,3.01
20857642,1.8913,22.40,21.00,3.42,3.01
20858142,1.8913,22.40,21.00,3.42,3.01
20858642,1.8913,22.40,21.00,3.44,3.01
20859142,1.8887,22.60,21.00,3.44,3.01
20859642,1.8913,22.40,21.00,3.44,3.01
20860142,1.8913,22.40,21.00,3.44,3.01
20860642,1.8913,22.40,19.75,3.44,3.01
20861142,1.8913,22.40,19.75,3.44,3.01
20861643,1.8913,22.40,19.75,3.44,3.01
20862142,1.8913,22.40,19.75,3.44,3.01
20862642,1.8913,22.40,20.75,3.42,3.01
20863142,1.8887,22.60,20.75,3.42,3.01
20863643,1.8913,22.40,20.75,3.42,3.01
20864142,1.8900,22.50,20.75,3.42,3.01
20864642,1.8900,22.50,20.75,3.44,3.01
20865142,1.8913,22.40,20.75,3.44,3.01
20865643,1.8913,22.40,20.75,3.44,3.01
20866142,1.8900,22.50,20.75,3.44,3.01
20866642,1.8913,22.40,19.00,3.44,3.02
20867142,1.8887,22.60,19.00,3.44,3.02
20867642,1.8913,22.40,19.00,3.44,3.02
20868142,1.8913,22.40,19.00,3.44,3.02
20868642,1.8913,22.40,19.00,3.44,3.02
20869142,1.8913,22.40,20.50,3.44,3.02
20869642,1.8913,22.40,20.50,3.44,3.02
20870142,1.8925,22.29,20.50,3.44,3.02
20870642,1.8925,22.29,20.50,3.44,3.02
20871142,1.8887,22.60,20.25,3.44,3.02
20871643,1.8913,22.40,20.25,3.44,3.02
20872142,1.8913,22.40,20.25,3.44,3.02
20872642,1.8925,22.29,20.25,3.44,3.02
20873142,1.8913,22.40,21.00,3.44,3.02
20873642,1.8925,22.29,21.00,3.44,3.02
20874142,1.8925,22.29,21.00,3.44,3.02
20874642,1.8925,22.29,21.00,3.44,3.02
20875142,1.8925,22.29,20.00,3.44,3.02
20875642,1.8925,22.29,20.00,3.44,3.02
20876142,1.8925,22.29,20.00,3.44,3.02
20876642,1.8925,22.47,20.00,3.44,3.02
20877142,1.8925,22.29,20.75,3.44,3.02
20877652,1.8925,22.29,20.75,3.44,3.02
20878152,1.8925,22.29,20.75,3.44,3.02
20878661,1.8913,22.40,20.75,3.44,3.02
20879163,1.8925,22.29,20.75,3.44,3.02
20879662,1.8887,22.60,19.75,3.44,3.02
20880162,1.8913,22.40,19.75,3.44,3.02
20880662,1.8875,22.71,19.75,3.44,3.02
20881163,1.8900,22.49,19.75,3.44,3.02
20881662,1.8913,22.40,21.00,3.44,3.02
20882162,1.8925,22.29,21.00,3.44,3.02
20882662,1.8913,22.40,21.00,3.44,3.02
20883163,1.8925,22.29,21.00,3.44,3.02
20883662,1.8925,22.29,20.75,3.44,3.02
20884163,1.8925,22.29,20.75,3.44,3.02
20884662,1.8925,22.29,20.75,3.44,3.02
20885162,1.8937,22.19,20.75,3.42,3.02
20885662,1.8925,22.29,20.50,3.42,3.02
20886162,1.8925,22.29,20.50,3.42,3.02
20886662,1.8900,22.50,20.50,3.42,3.02
20887162,1.8900,22.50,20.50,3.44,3.02
20887662,1.8900,22.50,20.75,3.44,3.02
20888163,1.8925,22.29,20.75,3.44,3.02
20888662,1.8937,22.19,20.75,3.44,3.02
20889162,1.8937,22.19,20.75,3.44,3.02
20889662,1.8937,22.19,20.75,3.44,3.02
20890162,1.8887,22.60,19.75,3.44,3.02
20890662,1.8913,22.40,19.75,3.44,3.02
20891163,1.8925,22.29,19.75,3.44,3.02
20891662,1.8937,22.19,19.75,3.44,3.02
20892163,1.8913,22.40,21.00,3.44,3.02
20892662,1.8937,22.19,21.00,3.44,3.02
20893162,1.8937,22.19,21.00,3.44,3.02
20893662,1.8913,22.40,21.00,3.44,3.02
20894162,1.8900,22.50,20.50,3.44,3.02
20894662,1.8937,22.19,20.50,3.44,3.02
20895162,1.8937,22.19,20.50,3.44,3.02
20895662,1.8937,22.27,20.50,3.44,3.02
20896163,1.8937,22.19,19.50,3.44,3.02
20896662,1.8937,22.19,19.50,3.44,3.02
20897162,1.8937,22.19,19.50,3.44,3.02
20897662,1.8937,22.19,19.50,3.44,3.02
20898162,1.8900,22.50,21.00,3.44,3.02
20898662,1.8937,22.19,21.00,3.44,3.02
20899162,1.8937,22.19,21.00,3.44,3.02
20899662,1.8937,22.19,21.00,3.44,3.02
20900162,1.8937,22.19,21.00,3.44,3.02
20900662,1.8937,22.19,19.75,3.44,3.02
20901162,1.8937,22.19,19.75,3.44,3.02
20901662,1.8937,22.19,19.75,3.44,3.02
20902163,1.8900,22.50,19.75,3.44,3.02
20902662,1.8913,22.40,20.75,3.44,3.02
20903162,1.8937,22.19,20.75,3.44,3.02
20903662,1.8925,22.29,20.75,3.44,3.02
20904163,1.8925,22.29,20.75,3.44,3.02
20904662,1.8925,22.29,21.00,3.44,3.02
20905162,1.8937,22.19,21.00,3.44,3.02
20905662,1.8913,22.40,21.00,3.44,3.02
20906170,1.8937,22.19,21.00,3.44,3.02
20906670,1.8913,22.40,21.00,3.44,3.02
20907181,1.8950,22.08,21.00,3.44,3.02
20907680,1.8937,22.19,21.00,3.44,3.02
20908180,1.8937,22.19,21.00,3.44,3.02
20908680,1.8937,22.19,20.75,3.44,3.02
20909180,1.8937,22.19,20.75,3.44,3.02
20909681,1.8937,22.19,20.75,3.43,3.02
20910180,1.8950,22.08,20.75,3.43,3.02
20910680,1.8937,22.19,20.75,3.43,3.02
20911180,1.8937,22.19,19.50,3.43,3.02
20911680,1.8950,22.08,19.50,3.44,3.02
20912180,1.8950,22.08,19.50,3.44,3.02
20912680,1.8950,22.08,19.50,3.44,3.02
20913181,1.8950,22.08,20.50,3.44,3.02
20913681,1.8925,22.29,20.50,3.44,3.02
20914180,1.8950,22.08,20.50,3.44,3.02
20914681,1.8950,22.08,20.50,3.44,3.02
20915180,1.8950,22.08,20.25,3.44,3.02
20915681,1.8950,22.08,20.25,3.44,3.02
20916180,1.8925,22.29,20.25,3.44,3.02
20916681,1.8925,22.29,20.25,3.44,3.02
20917180,1.8950,22.08,20.75,3.44,3.02
20917681,1.8925,22.29,20.75,3.44,3.02
20918180,1.8925,22.29,20.75,3.44,3.02
20918680,1.8950,22.08,20.75,3.44,3.02
20919180,1.8925,22.29,20.75,3.44,3.02
20919680,1.8950,22.08,20.75,3.44,3.02
20920180,1.8950,22.08,20.75,3.44,3.02
20920681,1.8950,22.08,20.75,3.44,3.02
20921180,1.8913,22.40,20.75,3.44,3.02
20921680,1.8925,22.29,19.50,3.44,3.02
20922180,1.8950,22.08,19.50,3.44,3.02
20922680,1.8950,22.08,19.50,3.44,3.02
20923180,1.8937,22.19,19.50,3.44,3.02
20923680,1.8950,22.08,21.00,3.44,3.02
20924180,1.8900,22.50,21.00,3.44,3.02
20924680,1.8950,22.13,21.00,3.44,3.02
20925180,1.8913,22.40,21.00,3.44,3.02
20925680,1.8925,22.29,21.00,3.44,3.02
20926180,1.8925,22.29,21.00,3.44,3.02
20926680,1.8900,22.50,21.00,3.44,3.02
20927180,1.8937,22.19,21.00,3.44,3.02
20927688,1.8950,22.08,20.75,3.44,3.02
20928187,1.8900,22.50,20.75,3.44,3.02
20928687,1.8950,22.08,20.75,3.44,3.02
20929187,1.8913,22.40,20.75,3.44,3.02
20929687,1.8925,22.29,20.50,3.44,3.02
20930187,1.8950,22.08,20.50,3.44,3.02
20930687,1.8950,22.08,20.50,3.44,3.02
20931187,1.8950,22.08,20.50,3.44,3.02
20931687,1.8950,22.08,20.50,3.44,3.02
20932187,1.8950,22.08,19.50,3.44,3.02
20932687,1.8950,22.08,19.50,3.44,3.02
20933187,1.8950,22.08,19.50,3.44,3.02
20933687,1.8950,22.08,19.50,3.44,3.02
20934187,1.8950,22.08,21.00,3.44,3.02
20934687,1.8950,22.08,21.00,3.44,3.02
20935187,1.8950,22.08,21.00,3.44,3.02
20935687,1.8963,21.98,21.00,3.44,3.02
20936187,1.8950,22.08,21.00,3.44,3.02
20936687,1.8950,22.08,21.00,3.44,3.02
20937187,1.8950,22.08,21.00,3.44,3.02
20937687,1.8950,22.08,21.00,3.44,3.02
20938187,1.8950,22.08,20.75,3.44,3.02
20938695,1.8963,21.98,20.75,3.44,3.02
20939195,1.8963,21.98,20.75,3.44,3.02
20939695,1.8950,22.08,20.75,3.44,3.02
20940195,1.8950,22.08,20.25,3.44,3.02
20940695,1.8950,22.08,20.25,3.44,3.02
20941195,1.8937,22.19,20.25,3.44,3.02
20941695,1.8925,22.29,20.25,3.44,3.02
20942195,1.8937,22.19,20.25,3.42,3.02
20942695,1.8963,21.98,19.50,3.42,3.02
20943195,1.8963,21.98,19.50,3.42,3.02
20943695,1.8950,22.08,19.50,3.42,3.02
20944195,1.8963,21.98,19.50,3.44,3.02
20944695,1.8937,22.19,20.25,3.44,3.02
20945195,1.8963,21.98,20.25,3.44,3.02
20945695,1.8950,22.08,20.25,3.44,3.02
20946196,1.8937,22.19,20.25,3.42,3.02
20946695,1.8950,22.08,20.50,3.42,3.02
20947195,1.8963,21.98,20.50,3.42,3.02
20947695,1.8937,22.19,20.50,3.42,3.02
20948195,1.8925,22.29,20.50,3.44,3.02
20948695,1.8963,21.98,20.25,3.44,3.02
20949196,1.8963,21.98,20.25,3.44,3.02
20949695,1.8950,22.08,20.25,3.44,3.02
20950195,1.8950,22.08,20.25,3.44,3.02
20950695,1.8963,21.98,21.00,3.44,3.02
20951196,1.8963,21.98,21.00,3.44,3.02
20951695,1.8950,22.08,21.00,3.44,3.02
20952195,1.8925,22.29,21.00,3.42,3.02
20952695,1.8963,21.98,21.00,3.42,3.02
20953195,1.8963,21.98,19.50,3.42,3.02
20953695,1.8950,22.08,19.50,3.42,3.02
20954196,1.8937,22.19,19.50,3.44,3.02
20954695,1.8937,22.19,19.50,3.44,3.02
20955195,1.8963,21.98,20.75,3.44,3.02
20955695,1.8963,21.98,20.75,3.44,3.02
20956205,1.8925,22.29,20.75,3.44,3.02
20956704,1.8963,21.98,20.75,3.44,3.02
20957204,1.8963,21.98,20.75,3.44,3.02
20957704,1.8963,21.98,20.75,3.44,3.02
20958205,1.8950,22.08,20.75,3.44,3.02
20958704,1.8963,21.98,20.75,3.44,3.02
20959204,1.8963,21.98,20.75,3.44,3.02
20959704,1.8925,22.29,20.75,3.44,3.02
20960205,1.8963,21.98,20.75,3.44,3.02
20960704,1.8963,21.98,20.75,3.44,3.02
20961205,1.8963,21.98,20.75,3.44,3.02
20961704,1.8950,22.08,20.75,3.44,3.02
20962205,1.8950,22.08,20.75,3.44,3.02
20962704,1.8963,21.98,20.75,3.44,3.02
20963204,1.8963,21.98,20.75,3.44,3.02
20963704,1.8963,21.98,19.50,3.44,3.02
20964204,1.8963,21.98,19.50,3.44,3.02
20964704,1.8963,21.98,19.50,3.42,3.02
20965204,1.8963,21.98,19.50,3.42,3.02
20965704,1.8963,21.98,20.75,3.42,3.02
20966204,1.8963,21.98,20.75,3.42,3.02
20966704,1.8963,21.98,20.75,3.44,3.02
20967204,1.8975,21.87,20.75,3.44,3.02
20967704,1.8963,21.98,20.50,3.44,3.02
20968204,1.8937,22.12,20.50,3.44,3.02
20968704,1.8963,21.98,20.50,3.44,3.02
20969204,1.8963,21.98,20.50,3.44,3.02
20969704,1.8950,22.08,20.75,3.44,3.02
20970205,1.8963,21.98,20.75,3.44,3.02
20970704,1.8937,22.19,20.75,3.44,3.02
20971204,1.8963,21.98,20.75,3.44,3.02
20971704,1.8950,22.08,20.75,3.44,3.02
20972205,1.8937,22.19,19.75,3.44,3.02
20972704,1.8937,22.19,19.75,3.44,3.02
20973205,1.8950,22.08,19.75,3.44,3.02
20973704,1.8950,22.08,19.75,3.44,3.02
20974204,1.8963,21.98,20.50,3.44,3.02
20974704,1.8963,21.98,20.50,3.42,3.02
20975204,1.8937,22.19,20.50,3.42,3.02
20975704,1.8975,21.87,20.50,3.42,3.02
20976204,1.8975,21.87,20.50,3.42,3.02
20976704,1.8937,22.19,20.50,3.44,3.02
20977210,1.8963,21.98,20.50,3.44,3.02
20977710,1.8975,21.87,20.50,3.44,3.02
20978210,1.8963,21.98,20.50,3.44,3.02
20978710,1.8963,21.98,20.50,3.44,3.02
20979210,1.8925,22.29,20.50,3.44,3.02
20979710,1.8975,21.87,20.50,3.44,3.02
20980210,1.8963,21.98,20.75,3.44,3.02
20980710,1.8963,21.98,20.75,3.44,3.02
20981210,1.8963,21.98,20.75,3.44,3.02
20981710,1.8975,21.87,20.75,3.44,3.02
20982210,1.8975,21.87,20.75,3.44,3.02
20982710,1.8950,22.04,19.50,3.44,3.02
20983210,1.8925,22.29,19.50,3.44,3.02
20983710,1.8975,21.87,19.50,3.44,3.02
20984210,1.8950,22.08,19.50,3.44,3.02
20984721,1.8963,21.88,19.25,3.42,3.02
20985220,1.8950,22.08,19.25,3.42,3.02
20985720,1.8975,21.87,19.25,3.42,3.02
20986220,1.8975,21.87,19.25,3.42,3.02
20986720,1.8975,21.87,19.75,3.42,3.02
20987220,1.8963,21.98,19.75,3.42,3.02
20987721,1.8975,21.87,19.75,3.42,3.02
20988220,1.8975,21.87,19.75,3.42,3.02
20988720,1.8925,22.29,20.75,3.42,3.02
20989220,1.8963,21.98,20.75,3.44,3.02
20989720,1.8963,21.98,20.75,3.44,3.02
20990220,1.8975,21.87,20.75,3.44,3.02
20990720,1.8963,21.98,21.00,3.44,3.02
20991220,1.8963,21.98,21.00,3.44,3.02
20991720,1.8963,21.98,21.00,3.44,3.02
20992220,1.8975,21.87,21.00,3.44,3.02
20992720,1.8975,21.87,21.00,3.44,3.02
20993220,1.8975,21.87,19.50,3.44,3.02
20993720,1.8963,21.98,19.50,3.44,3.02
20994220,1.8975,21.87,19.50,3.44,3.02
20994720,1.8937,22.19,19.50,3.44,3.02
20995220,1.8975,21.97,20.75,3.44,3.02
20995721,1.8975,21.87,20.75,3.44,3.02
20996220,1.8975,21.87,20.75,3.44,3.02
20996720,1.8975,21.87,20.75,3.44,3.02
20997220,1.8975,21.92,20.75,3.44,3.02
20997720,1.8975,21.87,20.75,3.44,3.02
20998220,1.8975,21.87,20.75,3.44,3.02
20998720,1.8913,22.40,20.75,3.44,3.02
20999220,1.8963,21.98,20.75,3.44,3.02
20999721,1.8963,21.98,20.75,3.44,3.02
21000220,1.8975,21.87,20.75,3.44,3.02
21000720,1.8950,22.08,20.75,3.44,3.02
21001220,1.8950,22.08,20.75,3.44,3.02
21001720,1.8963,21.98,20.75,3.44,3.02
21002220,1.8937,22.19,20.75,3.44,3.02
21002720,1.8975,21.87,20.75,3.44,3.02
21003220,1.8950,22.08,20.75,3.44,3.02
21003721,1.8963,21.98,19.50,3.44,3.02
21004220,1.8963,21.98,19.50,3.44,3.02
21004720,1.8937,22.19,19.50,3.44,3.02
21005220,1.8913,22.40,19.50,3.42,3.02
21005720,1.8963,21.98,20.00,3.42,3.02
21006220,1.8937,22.19,20.00,3.42,3.02
21006719,1.8975,21.87,20.00,3.42,3.02
21007220,1.8950,22.08,20.00,3.42,3.02
21007721,1.8925,22.29,20.75,3.42,3.02
21008220,1.8975,21.87,20.75,3.42,3.02
21008720,1.8950,22.08,20.75,3.42,3.02
21009220,1.8975,21.87,20.75,3.44,3.02
21009720,1.8975,21.87,20.75,3.44,3.02
21010220,1.8937,22.19,20.75,3.44,3.02
21010721,1.8975,21.87,20.75,3.44,3.02
21011220,1.8975,21.87,20.75,3.44,3.02
21011720,1.8975,21.87,20.50,3.44,3.02
21012220,1.8975,21.87,20.50,3.44,3.02
21012720,1.8975,21.87,20.50,3.44,3.02
21013240,1.8975,21.87,20.50,3.44,3.02
21013739,1.8975,21.87,20.50,3.44,3.02
21014240,1.8937,22.19,19.50,3.44,3.02
21014739,1.8963,21.98,19.50,3.44,3.02
21015239,1.8975,21.87,19.50,3.44,3.02
21015745,1.8975,21.87,19.50,3.44,3.02
21016245,1.8975,21.87,20.75,3.44,3.02
21016745,1.8975,21.87,20.75,3.44,3.02
21017245,1.8975,21.87,20.75,3.44,3.02
21017746,1.8975,21.87,20.75,3.44,3.02
21018245,1.8937,22.19,20.75,3.44,3.02
21018746,1.8950,22.08,20.75,3.44,3.02
21019245,1.8975,21.87,20.75,3.44,3.02
21019745,1.8987,21.77,20.75,3.44,3.02
21020245,1.8975,21.87,20.75,3.44,3.02
21020745,1.8975,21.87,20.75,3.44,3.02
21021246,1.8963,21.98,20.75,3.44,3.02
21021745,1.8925,22.29,20.75,3.44,3.02
21022246,1.8963,22.24,20.75,3.44,3.02
21022745,1.8950,22.08,19.50,3.44,3.02
21023245,1.8975,21.87,19.50,3.44,3.02
21023745,1.8987,21.77,19.50,3.44,3.02
21024245,1.8975,21.87,19.50,3.44,3.02
21024745,1.8950,22.08,20.75,3.44,3.02
21025246,1.8975,21.87,20.75,3.44,3.02
21025745,1.8937,22.19,20.75,3.44,3.02
21026245,1.8975,21.87,20.75,3.44,3.02
21026745,1.8950,22.08,21.00,3.44,3.02
21027245,1.8963,21.98,21.00,3.44,3.02
21027745,1.8987,21.77,21.00,3.44,3.02
21028245,1.8950,22.08,21.00,3.44,3.02
21028745,1.8975,21.87,20.75,3.44,3.02
21029245,1.8975,21.87,20.75,3.44,3.02
21029745,1.8963,21.98,20.75,3.44,3.02
21030245,1.8987,21.77,20.75,3.44,3.02
21030745,1.8975,21.87,20.75,3.44,3.02
21031245,1.8975,21.87,20.75,3.44,3.02
21031745,1.8987,21.77,20.75,3.44,3.02
21032246,1.8975,21.87,20.75,3.44,3.02
21032745,1.8975,21.87,20.75,3.44,3.02
21033246,1.8937,22.19,19.25,3.44,3.02
21033745,1.8950,22.08,19.25,3.44,3.02
21034245,1.8975,21.87,19.25,3.44,3.02
21034745,1.8975,21.87,19.25,3.44,3.02
21035245,1.8975,21.87,20.75,3.44,3.02
21035745,1.8950,22.08,20.75,3.44,3.02
21036246,1.8987,21.77,20.75,3.44,3.02
21036745,1.8975,21.87,20.75,3.44,3.02
21037245,1.8937,22.19,21.00,3.44,3.02
21037746,1.8987,21.77,21.00,3.44,3.02
21038245,1.8975,21.87,21.00,3.44,3.02
21038745,1.8987,21.84,21.00,3.44,3.02
21039245,1.8975,21.87,20.50,3.44,3.02
21039745,1.8987,21.77,20.50,3.44,3.02
21040245,1.8975,21.87,20.50,3.44,3.02
21040745,1.8975,21.87,20.50,3.44,3.02
21041245,1.8950,22.08,19.50,3.44,3.02
21041775,1.8900,22.50,19.50,3.44,3.02
21042274,1.8963,21.98,19.50,3.44,3.02
21042774,1.8963,21.98,19.50,3.44,3.02
21043274,1.8950,22.08,19.50,3.44,3.02
21043774,1.8975,21.87,19.50,3.44,3.02
21044274,1.8987,21.77,19.50,3.44,3.02
21044774,1.8937,22.19,19.50,3.44,3.02
21045274,1.8937,22.19,19.50,3.44,3.02
21045774,1.8975,21.87,21.00,3.44,3.02
21046275,1.8987,21.77,21.00,3.44,3.02
21046774,1.8987,21.77,21.00,3.44,3.02
21047274,1.8987,21.77,21.00,3.44,3.02
21047774,1.8950,22.08,20.75,3.44,3.02
21048274,1.8963,21.98,20.75,3.44,3.02
21048774,1.8975,21.87,20.75,3.44,3.02
21049281,1.8987,21.84,20.75,3.44,3.02
21049781,1.8975,21.87,20.75,3.44,3.02
21050281,1.8963,21.98,20.75,3.44,3.02
21050781,1.8987,21.77,20.75,3.44,3.02
21051282,1.8987,21.77,20.75,3.44,3.02
21051781,1.8963,21.98,20.75,3.44,3.02
21052282,1.8975,21.87,20.75,3.44,3.02
21052781,1.8963,21.98,20.75,3.44,3.02
21053281,1.8987,21.77,20.75,3.44,3.02
21053781,1.8987,21.77,20.75,3.44,3.02
21054281,1.8975,21.87,19.75,3.44,3.02
21054781,1.8987,21.77,19.75,3.44,3.02
21055281,1.8975,21.87,19.75,3.44,3.02
21055781,1.8987,21.77,19.75,3.44,3.02
21056281,1.8987,21.77,20.75,3.44,3.02
21056781,1.8963,21.98,20.75,3.44,3.02
21057281,1.8987,21.77,20.75,3.44,3.02
21057782,1.8975,21.87,20.75,3.44,3.02
21058281,1.8975,21.87,20.50,3.42,3.02
21058781,1.8987,21.77,20.50,3.42,3.02
21059281,1.8987,21.77,20.50,3.42,3.02
21059781,1.8987,21.77,20.50,3.42,3.02
21060281,1.8975,21.87,20.50,3.44,3.02
21060782,1.8950,22.08,20.50,3.44,3.02
21061281,1.8950,22.08,20.50,3.44,3.02
21061781,1.8963,21.98,20.50,3.44,3.02
21062281,1.8987,21.77,20.50,3.42,3.02
21062781,1.8963,21.98,20.75,3.42,3.02
21063281,1.8925,22.29,20.75,3.42,3.02
21063781,1.8950,22.17,20.75,3.42,3.02
21064281,1.8913,22.40,20.75,3.44,3.02
21064782,1.8987,21.77,20.75,3.44,3.02
21065281,1.8987,21.77,20.75,3.44,3.02
21065781,1.8987,21.77,20.75,3.44,3.02
21066281,1.8963,21.98,20.75,3.44,3.02
21066781,1.8963,21.98,21.00,3.44,3.02
21067281,1.8987,21.77,21.00,3.44,3.02
21067781,1.8987,21.77,21.00,3.44,3.02
21068281,1.8950,22.08,21.00,3.44,3.02
21068782,1.8987,21.77,20.75,3.44,3.02
21069281,1.8987,21.77,20.75,3.44,3.02
21069782,1.8987,21.77,20.75,3.44,3.02
21070291,1.8987,21.77,20.75,3.44,3.02
21070790,1.8987,21.77,20.75,3.44,3.02
21071290,1.8987,21.77,20.75,3.44,3.02
21071790,1.8987,21.77,20.75,3.44,3.02
21072290,1.8913,22.40,20.75,3.44,3.02
21072791,1.8987,21.77,20.75,3.44,3.02
21073290,1.8975,21.87,19.75,3.44,3.02
21073790,1.8987,21.77,19.75,3.44,3.02
21074290,1.8987,21.77,19.75,3.44,3.02
21074790,1.8987,21.77,19.75,3.44,3.02
21075290,1.8987,21.77,21.00,3.44,3.02
21075790,1.8975,21.87,21.00,3.44,3.02
21076290,1.8975,21.87,21.00,3.44,3.02
21076791,1.8987,21.77,21.00,3.44,3.02
21077290,1.8987,21.77,20.75,3.44,3.02
21077791,1.8963,21.98,20.75,3.44,3.02
21078291,1.8987,21.77,20.75,3.44,3.02
21078790,1.8925,22.29,20.75,3.41,3.02
21079290,1.8987,21.77,20.50,3.41,3.02
21079790,1.8950,22.08,20.50,3.41,3.02
21080290,1.8987,21.77,20.50,3.41,3.02
21080791,1.8975,21.87,20.50,3.41,3.02
21081290,1.8987,21.77,20.75,3.41,3.02
21081796,1.9000,21.67,20.75,3.41,3.02
21082296,1.8963,21.98,20.75,3.41,3.02
21082796,1.8987,21.77,20.75,3.44,3.02
21083296,1.8987,21.77,20.75,3.44,3.02
21083796,1.8975,21.87,19.25,3.44,3.02
21084297,1.8975,21.87,19.25,3.44,3.02
21084797,1.8987,21.77,19.25,3.44,3.02
21085297,1.8987,21.77,19.25,3.44,3.02
21085796,1.8963,21.98,20.50,3.44,3.02
21086296,1.8987,21.77,20.50,3.44,3.02
21086796,1.8987,21.77,20.50,3.44,3.02
21087296,1.8987,21.77,20.50,3.44,3.02
21087796,1.8937,22.19,20.75,3.44,3.02
21088296,1.8975,21.87,20.75,3.44,3.02
21088797,1.8975,21.87,20.75,3.44,3.02
21089297,1.8987,21.77,20.75,3.44,3.02
21089796,1.8987,21.77,20.50,3.44,3.02
21090296,1.8987,21.77,20.50,3.44,3.02
21090796,1.8987,21.77,20.50,3.44,3.02
21091296,1.8950,22.08,20.50,3.44,3.02
21091796,1.8987,21.77,20.50,3.44,3.02
21092297,1.8987,21.77,19.75,3.44,3.02
21092797,1.8987,21.81,19.75,3.44,3.02
21093297,1.8987,21.77,19.75,3.44,3.02
21093797,1.8987,21.77,19.75,3.44,3.02
21094296,1.8963,21.98,21.00,3.44,3.02
21094797,1.8987,21.77,21.00,3.44,3.02
21095297,1.8950,22.08,21.00,3.44,3.02
21095796,1.8987,21.77,21.00,3.44,3.02
21096298,1.8987,21.77,19.50,3.44,3.02
21096796,1.9000,21.67,19.50,3.44,3.02
21097296,1.8987,21.77,19.50,3.44,3.02
21097796,1.8987,21.77,19.50,3.44,3.02
21098296,1.8987,21.77,20.50,3.44,3.02
21098808,1.8975,21.87,20.50,3.44,3.02
21099308,1.8925,22.29,20.50,3.44,3.02
21099807,1.8987,21.77,20.50,3.44,3.02
21100307,1.8987,21.77,20.50,3.44,3.02
21100807,1.9000,21.67,20.50,3.44,3.02
21101307,1.8987,21.77,20.50,3.44,3.02
21101807,1.8963,21.98,20.50,3.44,3.02
21102307,1.8987,21.77,20.50,3.44,3.02
21102807,1.8950,22.08,19.75,3.44,3.02
21103307,1.8987,21.77,19.75,3.42,3.02
21103808,1.8987,21.77,19.75,3.42,3.02
21104307,1.8963,21.98,19.75,3.42,3.02
21104807,1.8987,21.77,21.00,3.42,3.02
21105307,1.8987,21.77,21.00,3.44,3.02
21105807,1.8987,21.77,21.00,3.44,3.02
21106307,1.8987,21.77,21.00,3.44,3.02
21106807,1.8975,21.87,20.75,3.44,3.02
21107308,1.8987,21.77,20.75,3.44,3.02
21107807,1.8987,21.77,20.75,3.44,3.02
21108307,1.8987,21.77,20.75,3.44,3.02
21108807,1.8987,21.77,21.00,3.44,3.02
21109307,1.8987,21.77,21.00,3.44,3.02
21109807,1.8987,21.77,21.00,3.44,3.02
21110307,1.8987,21.77,21.00,3.44,3.02
21110807,1.8975,21.87,21.00,3.44,3.02
21111308,1.8987,21.77,19.75,3.44,3.02
21111807,1.8987,21.77,19.75,3.44,3.02
21112307,1.8987,21.77,19.75,3.44,3.02
21112807,1.8987,21.77,19.75,3.44,3.02
21113308,1.8987,21.77,20.75,3.44,3.02
21113807,1.8987,21.77,20.75,3.44,3.02
21114308,1.8987,21.77,20.75,3.44,3.02
21114807,1.8963,21.98,20.75,3.44,3.02
21115307,1.8987,21.77,20.50,3.44,3.02
21115807,1.8987,21.77,20.50,3.44,3.02
21116307,1.8987,21.77,20.50,3.44,3.02
21116807,1.8987,21.77,20.50,3.44,3.02
21117307,1.8987,21.77,20.50,3.44,3.02
21117807,1.8987,21.77,20.50,3.44,3.02
21118307,1.8950,22.08,20.50,3.44,3.02
21118807,1.8987,21.77,20.50,3.44,3.02
21119307,1.9000,21.67,20.50,3.44,3.02
21119808,1.8987,21.77,20.50,3.44,3.02
21120310,1.8963,21.98,20.50,3.44,3.02
21120810,1.8987,21.77,20.50,3.44,3.02
21121311,1.8963,21.98,20.50,3.44,3.02
21121810,1.8987,21.94,19.75,3.44,3.02
21122310,1.8950,22.08,19.75,3.44,3.02
21122810,1.8987,21.77,19.75,3.44,3.02
21123310,1.9000,21.67,19.75,3.44,3.02
21123811,1.9000,21.67,20.50,3.44,3.02
21124310,1.8987,21.77,20.50,3.44,3.02
21124810,1.9000,21.67,20.50,3.44,3.02
21125311,1.9000,21.67,20.50,3.44,3.02
21125810,1.9000,21.67,20.50,3.44,3.02
21126310,1.8950,22.08,20.50,3.44,3.02
21126810,1.8975,21.87,20.50,3.44,3.02
21127335,1.8987,21.77,20.50,3.44,3.02
21127834,1.9000,21.67,20.50,3.44,3.02
21128334,1.8987,21.77,20.50,3.44,3.02
21128834,1.8987,21.77,20.50,3.44,3.02
21129335,1.8963,21.98,20.50,3.44,3.02
21129834,1.8987,21.77,21.00,3.44,3.02
21130334,1.8987,21.77,21.00,3.44,3.02
21130834,1.8987,21.77,21.00,3.44,3.02
21131334,1.8975,21.87,21.00,3.44,3.02
21131834,1.9000,21.67,21.00,3.44,3.02
21132334,1.9000,21.72,19.25,3.44,3.02
21132834,1.8987,21.77,19.25,3.44,3.02
21133334,1.8987,21.77,19.25,3.44,3.02
21133834,1.8950,22.08,19.25,3.44,3.02
21134334,1.9000,21.67,20.75,3.44,3.02
21134833,1.8987,21.77,20.75,3.44,3.02
21135334,1.9000,21.67,20.75,3.44,3.02
21135834,1.9000,21.67,20.75,3.44,3.02
21136334,1.8987,21.77,20.75,3.44,3.02
21136834,1.9000,21.67,20.75,3.44,3.02
21137334,1.9000,21.67,20.75,3.44,3.02
21137834,1.8950,22.08,20.75,3.44,3.02
21138334,1.8987,21.77,21.00,3.44,3.02
21138834,1.8975,21.87,21.00,3.44,3.02
21139334,1.9000,21.67,21.00,3.44,3.02
21139834,1.9000,21.67,21.00,3.44,3.02
21140334,1.8937,22.19,20.25,3.44,3.02
21140834,1.8987,21.77,20.25,3.44,3.02
21141334,1.8987,21.77,20.25,3.44,3.02
21141834,1.8950,22.08,20.25,3.44,3.02
21142334,1.8975,21.87,20.25,3.44,3.02
21142834,1.8975,21.87,19.00,3.44,3.02
21143334,1.9000,21.67,19.00,3.44,3.02
21143835,1.8987,21.77,19.00,3.43,3.02
21144334,1.8975,21.87,19.00,3.43,3.02
21144834,1.8987,21.77,20.50,3.43,3.02
21145334,1.8987,21.77,20.50,3.43,3.02
21145834,1.8975,21.87,20.50,3.44,3.02
21146334,1.8987,21.77,20.50,3.44,3.02
21146834,1.8987,21.77,20.50,3.44,3.02
21147334,1.9000,21.67,20.50,3.44,3.02
21147844,1.9000,21.67,20.50,3.41,3.02
21148343,1.8913,22.40,20.50,3.41,3.02
21148843,1.9000,21.67,20.75,3.41,3.02
21149343,1.8963,21.98,20.75,3.41,3.02
21149843,1.8963,21.98,20.75,3.41,3.02
21150344,1.9000,21.67,20.75,3.41,3.02
21150844,1.9000,21.67,19.25,3.41,3.02
21151343,1.8987,21.77,19.25,3.41,3.02
21151843,1.9000,21.67,19.25,3.41,3.02
21152344,1.8975,21.87,19.25,3.44,3.02
21152844,1.9000,21.67,19.25,3.44,3.02
21153343,1.8925,22.29,19.50,3.44,3.02
21153843,1.8975,21.87,19.50,3.44,3.02
21154343,1.9000,21.67,19.50,3.44,3.02
21154843,1.9000,21.67,19.50,3.44,3.02
21155343,1.9000,21.67,20.50,3.44,3.02
21155843,1.9000,21.67,20.50,3.44,3.02
21156343,1.9000,21.67,20.50,3.44,3.02
21156843,1.9000,21.67,20.50,3.44,3.02
21157343,1.8950,22.08,21.00,3.44,3.02
21157843,1.9000,21.67,21.00,3.44,3.02
21158343,1.9000,21.67,21.00,3.44,3.02
21158849,1.8975,21.87,21.00,3.44,3.02
21159349,1.8987,21.77,20.50,3.44,3.02
21159849,1.8963,21.98,20.50,3.44,3.02
21160349,1.9000,21.67,20.50,3.44,3.02
21160849,1.9000,21.67,20.50,3.44,3.02
21161349,1.9000,21.81,20.50,3.44,3.02
21161849,1.8987,21.77,19.50,3.44,3.02
21162349,1.9000,21.67,19.50,3.43,3.02
21162849,1.9000,21.67,19.50,3.43,3.02
21163349,1.9000,21.67,19.50,3.43,3.02
21163849,1.9000,21.67,20.75,3.43,3.02
21164349,1.8987,21.77,20.75,3.44,3.02
21164849,1.8975,21.87,20.75,3.44,3.02
21165349,1.9000,21.67,20.75,3.44,3.02
21165849,1.8987,21.77,20.75,3.44,3.02
21166349,1.9000,21.67,20.75,3.44,3.02
21166849,1.8975,21.87,20.75,3.44,3.02
21167349,1.9000,21.67,20.75,3.44,3.02
21167849,1.9000,21.67,20.50,3.44,3.02
21168349,1.9000,21.67,20.50,3.44,3.02
21168849,1.8975,21.87,20.50,3.44,3.02
21169349,1.8987,21.77,20.50,3.44,3.02
21169849,1.8975,21.87,20.50,3.44,3.02
21170349,1.9000,21.67,20.50,3.44,3.02
21170850,1.9000,21.67,20.50,3.44,3.02
21171349,1.9000,21.67,20.50,3.44,3.02
21171849,1.9000,21.67,20.50,3.44,3.02
21172349,1.8987,21.77,19.75,3.44,3.02
21172849,1.8975,21.87,19.75,3.44,3.02
21173349,1.8950,22.08,19.75,3.44,3.02
21173850,1.9000,21.67,19.75,3.44,3.02
21174349,1.8987,21.77,21.00,3.44,3.02
21174849,1.9000,21.67,21.00,3.44,3.02
21175349,1.8950,22.08,21.00,3.44,3.02
21175849,1.8987,21.77,21.00,3.44,3.02
21176365,1.8963,21.98,21.00,3.41,3.02
21176864,1.9000,21.67,21.00,3.41,3.02
21177364,1.8987,21.77,21.00,3.41,3.02
21177864,1.9000,21.67,21.00,3.41,3.02
21178364,1.9000,21.67,21.00,3.41,3.02
21178864,1.9000,21.67,21.00,3.44,3.02
21179364,1.9000,21.67,21.00,3.44,3.02
21179864,1.9000,21.67,21.00,3.44,3.02
21180364,1.8963,21.98,21.00,3.44,3.02
21180864,1.9000,21.67,21.00,3.44,3.02
21181364,1.8975,21.87,21.00,3.44,3.02
21181864,1.8975,21.87,21.00,3.44,3.02
21182364,1.8987,21.77,21.00,3.44,3.02
21182864,1.9000,21.67,19.75,3.43,3.02
21183364,1.9000,21.67,19.75,3.43,3.02
21183864,1.9000,21.67,19.75,3.43,3.02
21184364,1.8937,22.19,19.75,3.43,3.02
21184864,1.9000,21.67,21.00,3.44,3.02
21185364,1.9013,21.56,21.00,3.44,3.02
21185864,1.9000,21.67,21.00,3.44,3.02
21186364,1.8987,21.77,21.00,3.44,3.02
21186864,1.8975,21.87,20.50,3.41,3.02
21187364,1.8987,21.77,20.50,3.41,3.02
21187864,1.9000,21.67,20.50,3.41,3.02
21188364,1.8963,21.98,20.50,3.41,3.02
21188864,1.8987,21.77,21.00,3.43,3.02
21189364,1.9000,21.67,21.00,3.43,3.02
21189864,1.9000,21.67,21.00,3.43,3.02
21190364,1.9000,22.14,21.00,3.43,3.02
21190864,1.9000,21.67,21.00,3.44,3.02
21191364,1.9000,21.67,21.00,3.44,3.02
21191864,1.8963,21.98,21.00,3.44,3.02
21192364,1.9000,21.67,21.00,3.44,3.02
21192864,1.9000,21.67,21.00,3.43,3.02
21193364,1.8975,21.87,20.75,3.43,3.02
21193864,1.9000,21.67,20.75,3.43,3.02
21194364,1.9000,21.67,20.75,3.43,3.02
21194864,1.9000,21.67,20.75,3.44,3.02
21195364,1.9000,21.67,20.50,3.44,3.02
21195864,1.8987,21.77,20.50,3.44,3.02
21196364,1.9000,21.67,20.50,3.44,3.02
21196865,1.9000,21.67,20.50,3.44,3.02
21197364,1.9000,21.67,20.75,3.44,3.02
21197864,1.9000,21.67,20.75,3.44,3.02
21198364,1.9000,21.67,20.75,3.44,3.02
21198864,1.9000,21.67,20.75,3.44,3.02
21199365,1.9000,21.67,20.25,3.44,3.02
21199864,1.8975,21.87,20.25,3.44,3.02
21200364,1.9000,21.67,20.25,3.44,3.02
21200865,1.9000,21.67,20.25,3.44,3.02
21201364,1.9000,21.67,20.25,3.44,3.02
21201864,1.9000,21.67,19.50,3.44,3.02
21202364,1.9000,21.67,19.50,3.44,3.02
21202864,1.9000,21.67,19.50,3.44,3.02
21203364,1.8963,21.98,19.50,3.44,3.02
21203864,1.9000,21.67,20.75,3.44,3.02
21204364,1.9000,21.67,20.75,3.44,3.02
21204880,1.9000,21.77,20.75,3.43,3.02
21205379,1.9000,21.67,20.75,3.43,3.02
21205879,1.9000,21.67,20.75,3.43,3.02
21206379,1.9000,21.67,20.75,3.43,3.02
21206879,1.9000,21.67,20.75,3.43,3.02
21207380,1.8963,21.98,20.75,3.43,3.02
21207880,1.9000,21.67,21.00,3.43,3.02
21208379,1.8975,21.87,21.00,3.43,3.02
21208879,1.9000,21.67,21.00,3.43,3.02
21209379,1.8963,21.98,21.00,3.43,3.02
21209879,1.9000,21.67,21.00,3.43,3.02
21210379,1.8975,21.87,21.00,3.43,3.02
21210879,1.9000,21.67,21.00,3.43,3.02
21211379,1.8963,21.98,21.00,3.43,3.02
21211879,1.8950,22.08,21.00,3.43,3.02
21212379,1.9000,21.67,19.25,3.43,3.02
21212890,1.9000,21.67,19.25,3.43,3.02
21213379,1.8963,21.98,19.25,3.44,3.02
21213879,1.8975,21.87,19.25,3.44,3.02
21214380,1.8975,21.87,20.75,3.44,3.02
21214879,1.9000,21.67,20.75,3.44,3.02
21215379,1.8950,22.08,20.75,3.43,3.02
21215879,1.8913,22.40,20.75,3.43,3.02
21216379,1.9000,21.67,20.75,3.43,3.02
21216879,1.9000,21.67,20.75,3.43,3.02
21217379,1.9000,21.67,20.75,3.41,3.02
21217879,1.8950,22.08,20.75,3.41,3.02
21218379,1.9000,21.67,20.75,3.41,3.02
21218880,1.8987,21.77,20.75,3.41,3.02
21219379,1.9000,21.67,20.75,3.44,3.02
21219879,1.9000,21.67,20.75,3.44,3.02
21220379,1.9000,21.67,20.50,3.44,3.02
21220880,1.9000,21.67,20.50,3.44,3.02
21221379,1.8975,21.87,20.50,3.41,3.02
21221889,1.9000,21.67,20.50,3.41,3.02
21222389,1.9000,21.67,20.50,3.41,3.02
21222889,1.8987,21.77,20.00,3.41,3.02
21223390,1.9000,21.67,20.00,3.44,3.02
21223889,1.9000,21.67,20.00,3.44,3.02
21224389,1.9000,21.67,20.00,3.44,3.02
21224889,1.9000,21.67,20.25,3.44,3.02
21225389,1.8963,21.98,20.25,3.41,3.02
21225889,1.8963,21.98,20.25,3.41,3.02
21226390,1.9000,21.67,20.25,3.41,3.02
21226889,1.8975,21.87,20.00,3.41,3.02
21227410,1.9013,21.56,20.00,3.43,3.02
21227909,1.9000,21.67,20.00,3.43,3.02
21228409,1.9000,21.67,20.00,3.43,3.02
21228909,1.9013,21.56,21.00,3.43,3.02
21229409,1.8975,21.87,21.00,3.43,3.02
21229909,1.9013,21.56,21.00,3.43,3.02
21230409,1.9000,21.67,21.00,3.43,3.02
21230909,1.9000,21.67,21.00,3.43,3.02
21231410,1.9013,21.56,19.25,3.43,3.02
21231909,1.8975,21.87,19.25,3.43,3.02
21232409,1.9000,21.67,19.25,3.43,3.02
21232909,1.9000,21.67,19.25,3.43,3.02
21233409,1.8975,21.87,19.75,3.43,3.02
21233909,1.9013,21.56,19.75,3.44,3.02
21234410,1.9000,21.67,19.75,3.44,3.02
21234909,1.9000,21.67,19.75,3.44,3.02
21235410,1.9000,21.67,21.00,3.44,3.02
21235909,1.9013,21.56,21.00,3.44,3.02
21236409,1.9000,21.67,21.00,3.44,3.02
21236909,1.8963,21.98,21.00,3.44,3.02
21237409,1.9013,21.56,21.00,3.44,3.02
21237909,1.9013,21.56,21.00,3.44,3.02
21238409,1.9000,21.67,21.00,3.44,3.02
21238909,1.9000,21.67,21.00,3.44,3.02
21239409,1.8950,22.08,20.75,3.44,3.02
21239909,1.9013,21.56,20.75,3.43,3.02
21240410,1.9000,21.67,20.75,3.43,3.02
21240909,1.8963,21.98,20.75,3.43,3.02
21241410,1.8963,21.98,20.75,3.43,3.02
21241909,1.9000,21.67,19.75,3.41,3.02
21242410,1.8987,21.77,19.75,3.41,3.02
21242909,1.9000,21.67,19.75,3.41,3.02
21243410,1.9013,21.56,19.75,3.41,3.02
21243909,1.9013,21.56,20.75,3.43,3.02
21244409,1.8987,21.90,20.75,3.43,3.02
21244909,1.9000,21.67,20.75,3.43,3.02
21245409,1.8975,21.87,20.75,3.43,3.02
21245909,1.8987,21.77,20.75,3.41,3.02
21246409,1.8963,21.98,20.75,3.41,3.02
21246909,1.8975,21.87,20.75,3.41,3.02
21247409,1.8975,21.87,20.75,3.41,3.02
21247909,1.8987,21.77,20.50,3.43,3.02
21248409,1.8975,21.87,20.50,3.43,3.02
21248909,1.8975,21.87,20.50,3.43,3.02
21249409,1.9000,21.67,20.50,3.43,3.02
21249909,1.8987,21.77,20.50,3.43,3.02
21250410,1.9013,21.56,21.00,3.41,3.02
21250909,1.9000,21.67,21.00,3.41,3.02
21251409,1.8975,21.87,21.00,3.41,3.02
21251910,1.9013,21.56,21.00,3.41,3.02
21252409,1.9013,21.56,21.00,3.43,3.02
21252909,1.9000,21.67,21.00,3.43,3.02
21253409,1.8987,21.77,21.00,3.43,3.02
21253909,1.9000,21.67,21.00,3.43,3.02
21254409,1.9013,21.56,20.50,3.43,3.02
21254909,1.8975,21.87,20.50,3.43,3.02
21255409,1.8975,21.87,20.50,3.43,3.02
21255909,1.9013,21.56,20.50,3.43,3.02
21256409,1.8975,21.87,21.00,3.43,3.02
21256909,1.9000,21.67,21.00,3.43,3.02
21257409,1.9000,21.67,21.00,3.43,3.02
21257909,1.9000,21.67,21.00,3.43,3.02
21258409,1.8950,22.08,21.00,3.41,3.02
21258909,1.8937,22.19,20.25,3.41,3.02
21259409,1.9000,21.67,20.25,3.41,3.02
21259909,1.8987,21.77,20.25,3.41,3.02
21260409,1.9013,21.56,20.25,3.43,3.02
21260909,1.9013,21.70,20.50,3.43,3.02
21261414,1.9013,21.56,20.50,3.43,3.02
21261914,1.9000,21.67,20.50,3.43,3.02
21262414,1.8987,21.77,20.50,3.43,3.02
21262912,1.9013,21.56,20.50,3.43,3.02
21263414,1.9000,21.67,20.50,3.43,3.02
21263914,1.9000,21.67,20.50,3.43,3.02
21264414,1.9000,21.67,20.50,3.43,3.02
21264915,1.9013,21.56,20.50,3.43,3.02
21265414,1.9000,21.67,20.50,3.43,3.02
21265914,1.9013,21.56,20.50,3.43,3.02
21266414,1.8987,21.77,20.50,3.43,3.02
21266914,1.9013,21.56,20.50,3.43,3.02
21267414,1.9000,21.67,18.75,3.43,3.02
21267914,1.9000,21.67,18.75,3.43,3.02
21268414,1.9013,21.56,18.75,3.43,3.02
21268914,1.9013,21.56,18.75,3.43,3.02
21269414,1.9000,21.67,20.75,3.43,3.02
21269914,1.8975,21.87,20.75,3.43,3.02
21270414,1.8975,21.87,20.75,3.43,3.02
21270914,1.9013,21.56,20.75,3.43,3.02
21271414,1.9000,21.67,21.00,3.43,3.02
21271914,1.9000,21.67,21.00,3.43,3.02
21272414,1.9013,21.56,21.00,3.43,3.02
21272915,1.8987,21.77,21.00,3.43,3.02
21273415,1.8950,22.08,20.75,3.43,3.02
21273914,1.9000,21.67,20.75,3.43,3.02
21274414,1.9000,21.67,20.75,3.43,3.02
21274914,1.8950,22.08,20.75,3.43,3.02
21275414,1.9013,21.63,21.00,3.43,3.02
21275914,1.8963,21.98,21.00,3.43,3.02
21276426,1.9013,21.56,21.00,3.43,3.02
21276926,1.8913,22.40,21.00,3.43,3.02
21277425,1.8987,21.77,21.00,3.43,3.02
21277925,1.9000,21.67,19.25,3.43,3.02
21278425,1.9000,21.67,19.25,3.43,3.02
21278925,1.9013,21.56,19.25,3.43,3.02
21279425,1.9013,21.56,19.25,3.43,3.02
21279925,1.9000,21.67,20.75,3.43,3.02
21280425,1.9000,21.67,20.75,3.43,3.02
21280926,1.8987,21.77,20.75,3.43,3.02
21281425,1.9013,21.56,20.75,3.43,3.02
21281925,1.9000,21.67,20.75,3.43,3.02
21282425,1.9000,21.67,20.75,3.43,3.02
21282926,1.9013,21.56,20.75,3.43,3.02
21283425,1.8987,21.77,20.75,3.43,3.02
21283925,1.8975,21.87,19.25,3.43,3.02
21284425,1.8950,22.08,19.25,3.43,3.02
21284926,1.9013,21.56,19.25,3.43,3.02
21285425,1.8950,22.08,19.25,3.43,3.02
21285925,1.8987,21.77,20.75,3.43,3.02
21286425,1.8975,21.87,20.75,3.43,3.02
21286925,1.9000,21.67,20.75,3.43,3.02
21287425,1.9013,21.56,20.75,3.43,3.02
21287925,1.8975,21.87,20.75,3.43,3.02
21288426,1.9000,21.67,19.75,3.43,3.02
21288925,1.9013,21.56,19.75,3.43,3.02
21289425,1.9000,21.67,19.75,3.43,3.02
21289925,1.8975,21.80,19.75,3.43,3.02
21290425,1.9000,21.67,20.50,3.43,3.02
21290925,1.9013,21.56,20.50,3.43,3.02
21291425,1.9000,21.67,20.50,3.43,3.02
21291925,1.8987,21.77,20.50,3.43,3.02
21292425,1.8987,21.77,20.50,3.43,3.02
21292925,1.9013,21.56,20.50,3.43,3.02
21293425,1.9013,21.56,20.50,3.43,3.02
21293925,1.8987,21.77,20.50,3.43,3.02
21294425,1.9000,21.67,21.00,3.43,3.02
21294925,1.9013,21.56,21.00,3.43,3.02
21295425,1.8987,21.77,21.00,3.43,3.02
21295925,1.9013,21.56,21.00,3.43,3.02
21296425,1.9000,21.67,20.50,3.43,3.02
21296925,1.9013,21.56,20.50,3.43,3.02
21297425,1.9013,21.56,20.50,3.43,3.02
21297929,1.9013,21.56,20.50,3.43,3.02
21298429,1.9000,21.67,20.50,3.43,3.02
21298929,1.8975,21.87,19.50,3.43,3.02
21299429,1.9013,21.56,19.50,3.43,3.02
21299929,1.8963,21.98,19.50,3.43,3.02
21300429,1.9000,21.67,19.50,3.43,3.02
21300958,1.9013,21.56,21.00,3.43,3.02
21301457,1.8937,22.19,21.00,3.43,3.02
21301957,1.8963,21.98,21.00,3.43,3.02
21302457,1.8975,21.87,21.00,3.43,3.02
21302957,1.8950,22.08,20.75,3.43,3.02
21303458,1.9013,21.56,20.75,3.43,3.02
21303957,1.9013,21.56,20.75,3.43,3.02
21304457,1.8987,21.77,20.75,3.43,3.02
21304957,1.9000,21.67,21.00,3.43,3.02
21305457,1.9013,21.56,21.00,3.43,3.02
21305957,1.8987,21.77,21.00,3.43,3.02
21306457,1.8987,21.77,21.00,3.43,3.02
21306957,1.9013,21.56,21.00,3.43,3.02
21307457,1.9000,21.67,20.50,3.43,3.02
21307957,1.9013,21.56,20.50,3.43,3.02
21308457,1.9013,21.56,20.50,3.43,3.02
21308957,1.8975,21.87,20.50,3.43,3.02
21309457,1.9013,21.56,21.00,3.43,3.02
21309957,1.8950,22.08,21.00,3.43,3.02
21310457,1.9013,21.56,21.00,3.43,3.02
21310957,1.9000,21.67,21.00,3.43,3.02
21311457,1.9000,21.67,21.00,3.43,3.02
21311957,1.9013,21.56,21.00,3.43,3.02
21312457,1.8987,21.77,21.00,3.43,3.02
21312957,1.9013,21.56,21.00,3.43,3.02
21313457,1.8963,21.98,19.50,3.43,3.02
21313957,1.9013,21.56,19.50,3.43,3.02
21314457,1.9013,21.56,19.50,3.43,3.02
21314957,1.9000,21.70,19.50,3.43,3.02
21315457,1.9013,21.56,20.75,3.43,3.02
21315957,1.9013,21.56,20.75,3.43,3.02
21316458,1.8950,22.08,20.75,3.43,3.02
21316957,1.9013,21.56,20.75,3.43,3.02
21317457,1.9000,21.67,20.75,3.43,3.02
21317958,1.9013,21.56,19.25,3.43,3.02
21318457,1.9013,21.56,19.25,3.43,3.02
21318957,1.9000,21.67,19.25,3.43,3.02
21319458,1.8987,21.77,19.25,3.43,3.02
21319957,1.9013,21.56,21.00,3.43,3.02
21320457,1.8987,21.77,21.00,3.43,3.02
21320957,1.9013,21.56,21.00,3.43,3.02
21321457,1.9000,21.67,21.00,3.43,3.02
21321957,1.9013,21.56,21.00,3.43,3.02
21322457,1.9013,21.56,21.00,3.43,3.02
21322957,1.9013,21.56,21.00,3.43,3.02
21323457,1.9013,21.56,21.00,3.43,3.02
21323957,1.8975,21.87,20.75,3.43,3.02
21324457,1.8963,21.98,20.75,3.43,3.02
21324957,1.9013,21.56,20.75,3.43,3.02
21325458,1.9013,21.56,20.75,3.41,3.02
21325957,1.8975,21.87,20.50,3.41,3.02
21326457,1.9013,21.56,20.50,3.41,3.02
21326957,1.9013,21.56,20.50,3.41,3.02
21327464,1.9000,21.67,20.50,3.43,3.02
21327963,1.8937,22.19,20.50,3.43,3.02
21328463,1.9013,21.56,19.75,3.43,3.02
21328963,1.8987,21.77,19.75,3.43,3.02
21329485,1.9013,21.56,19.75,3.43,3.02
21329984,1.9013,21.56,19.75,3.43,3.02
21330484,1.9013,21.56,21.00,3.43,3.02
21330984,1.9013,21.56,21.00,3.43,3.02
21331484,1.9013,21.56,21.00,3.43,3.02
21331984,1.9013,21.56,21.00,3.43,3.03
21332484,1.9013,21.56,20.75,3.43,3.03
21332992,1.9013,21.56,20.75,3.43,3.03
21333484,1.9013,21.56,20.75,3.43,3.03
21333985,1.9013,21.56,20.75,3.43,3.02
21334484,1.9013,21.56,21.00,3.43,3.02
21334984,1.8987,21.77,21.00,3.43,3.02
21335484,1.9013,21.56,21.00,3.43,3.02
21335985,1.9013,21.56,21.00,3.43,3.02
21336484,1.8950,22.08,20.50,3.43,3.02
21336985,1.9013,21.56,20.50,3.43,3.02
21337484,1.8975,21.87,20.50,3.43,3.02
21337984,1.8987,21.77,20.50,3.43,3.02
21338484,1.8963,21.98,20.50,3.43,3.02
21338984,1.9013,21.56,20.25,3.43,3.02
21339484,1.9013,21.56,20.25,3.43,3.02
21339985,1.9013,21.98,20.25,3.43,3.02
21340484,1.8975,21.87,20.25,3.43,3.02
21340984,1.8975,21.87,20.50,3.43,3.02
21341484,1.9013,21.56,20.50,3.43,3.02
21341984,1.9013,21.56,20.50,3.43,3.02
21342484,1.8975,21.87,20.50,3.43,3.02
21342984,1.9013,21.56,20.75,3.43,3.02
21343484,1.9013,21.56,20.75,3.43,3.02
21343985,1.9013,21.56,20.75,3.43,3.02
21344484,1.8987,21.77,20.75,3.43,3.02
21344984,1.9013,21.56,19.00,3.43,3.02
21345484,1.8987,21.77,19.00,3.43,3.02
21345985,1.9013,21.56,19.00,3.43,3.02
21346484,1.9013,21.56,19.00,3.43,3.02
21346984,1.9013,21.56,20.75,3.43,3.02
21347484,1.9013,21.56,20.75,3.43,3.02
21347985,1.9013,21.56,20.75,3.43,3.02
21348484,1.9013,21.56,20.75,3.43,3.02
21348985,1.9013,21.56,20.75,3.43,3.02
21349484,1.8987,21.77,19.25,3.43,3.02
21349984,1.9013,21.56,19.25,3.43,3.02
21350484,1.9013,21.56,19.25,3.43,3.02
21350984,1.9013,21.56,19.25,3.43,3.02
21351484,1.9013,21.56,20.75,3.43,3.02
21351985,1.9013,21.56,20.75,3.43,3.02
21352484,1.9013,21.56,20.75,3.43,3.02
21352984,1.8975,21.87,20.75,3.43,3.02
21353485,1.9013,21.56,20.50,3.43,3.02
21353984,1.9013,21.56,20.50,3.41,3.02
21354484,1.9013,21.56,20.50,3.41,3.02
21354984,1.9013,21.56,20.50,3.41,3.02
21355484,1.9013,21.56,20.75,3.41,3.02
21355984,1.8987,21.77,20.75,3.43,3.02
21356484,1.8987,21.64,20.75,3.43,3.02
21356991,1.8950,22.08,20.75,3.43,3.02
21357491,1.9000,21.67,20.75,3.43,3.02
21358001,1.9013,21.56,19.50,3.43,3.02
21358500,1.9013,21.56,19.50,3.43,3.02
21359000,1.9013,21.56,19.50,3.43,3.02
21359500,1.9013,21.56,19.50,3.43,3.02
21360000,1.9013,21.56,20.75,3.43,3.02
21360500,1.8987,21.77,20.75,3.43,3.02
21361000,1.9013,21.56,20.75,3.43,3.02
21361500,1.8975,21.87,20.75,3.43,3.02
21362000,1.8937,22.19,20.50,3.43,3.02
21362500,1.8937,22.19,20.50,3.41,3.03
21363000,1.8987,21.77,20.50,3.41,3.03
21363501,1.8963,21.98,20.50,3.41,3.03
21364001,1.8987,21.77,20.75,3.41,3.03
21364500,1.9013,21.56,20.75,3.43,3.02
21365000,1.9000,21.67,20.75,3.43,3.02
21365500,1.9000,21.67,20.75,3.43,3.02
21366000,1.9013,21.56,20.75,3.43,3.02
21366500,1.8987,21.77,20.75,3.43,3.02
21367000,1.9013,21.56,20.75,3.43,3.02
21367501,1.8963,21.98,20.75,3.43,3.02
21368001,1.9013,21.56,20.75,3.43,3.02
21368500,1.9013,21.56,19.50,3.43,3.03
21369000,1.9013,21.56,19.50,3.43,3.03
21369500,1.9013,21.56,19.50,3.43,3.03
21370000,1.9013,21.56,19.50,3.43,3.03
21370500,1.9013,21.56,20.75,3.43,3.03
21371000,1.9013,21.56,20.75,3.43,3.03
21371501,1.9013,21.56,20.75,3.43,3.03
21372000,1.9013,21.56,20.75,3.43,3.03
21372500,1.9000,21.67,20.75,3.41,3.02
21373000,1.8937,22.19,20.75,3.41,3.02
21373500,1.8987,21.77,20.75,3.41,3.02
21374000,1.9013,21.56,20.75,3.41,3.02
21374500,1.8950,22.08,20.00,3.41,3.02
21375000,1.9013,21.56,20.00,3.41,3.02
21375500,1.8963,21.98,20.00,3.41,3.02
21376000,1.8987,21.77,20.00,3.41,3.02
21376500,1.9000,21.67,20.75,3.43,3.03
21377000,1.9013,21.56,20.75,3.43,3.03
21377501,1.9013,21.56,20.75,3.43,3.03
21378000,1.9013,21.56,20.75,3.43,3.03
21378509,1.8987,21.77,20.75,3.41,3.03
21379008,1.8987,21.77,19.50,3.41,3.03
21379508,1.9013,21.56,19.50,3.41,3.03
21380008,1.9013,21.56,19.50,3.41,3.03
21380508,1.9013,21.56,19.50,3.41,3.03
21381008,1.9013,21.56,20.50,3.43,3.03
21381508,1.8987,21.77,20.50,3.43,3.03
21382008,1.8975,21.87,20.50,3.43,3.03
21382508,1.9013,21.56,20.50,3.43,3.03
21383008,1.9013,21.56,20.50,3.43,3.03
21383508,1.9013,21.56,20.50,3.43,3.03
21384008,1.9013,21.56,20.50,3.43,3.03
21384508,1.9000,21.67,20.50,3.43,3.03
21385008,1.9013,21.56,20.75,3.43,3.03
21385508,1.9013,21.56,20.75,3.43,3.03
21386008,1.9013,21.56,20.75,3.43,3.03
21386508,1.9013,21.56,20.75,3.43,3.03
21387008,1.9013,21.56,21.25,3.43,3.03
21387508,1.9013,21.56,21.25,3.43,3.03
21388009,1.9013,21.56,21.25,3.43,3.03
21388508,1.9013,21.56,21.25,3.43,3.03
21389008,1.9025,21.46,21.25,3.43,3.03
21389515,1.9000,21.67,19.25,3.43,3.03
21390015,1.9013,21.56,19.25,3.43,3.03
21390515,1.9013,21.56,19.25,3.43,3.03
21391014,1.9013,21.56,19.25,3.43,3.03
21391515,1.8987,21.77,20.50,3.43,3.03
21392015,1.9000,21.67,20.50,3.43,3.03
21392515,1.9013,21.56,20.50,3.43,3.03
21393025,1.8987,21.77,20.50,3.43,3.03
21393515,1.9013,21.56,20.75,3.43,3.03
21394016,1.9013,21.56,20.75,3.43,3.03
21394515,1.9000,21.67,20.75,3.43,3.03
21395016,1.9013,21.56,20.75,3.43,3.03
21395515,1.9013,21.56,20.75,3.43,3.03
21396016,1.9013,21.56,20.75,3.43,3.03
21396515,1.9000,21.67,20.75,3.43,3.03
21397016,1.8987,21.77,20.75,3.43,3.03
21397515,1.9013,21.56,20.75,3.43,3.03
21398015,1.9013,21.62,19.50,3.43,3.03
21398515,1.9013,21.56,19.50,3.43,3.03
21399016,1.9013,21.56,19.50,3.43,3.03
21399515,1.9013,21.56,19.50,3.43,3.03
21400015,1.9000,21.67,20.50,3.43,3.03
21400515,1.8975,21.87,20.50,3.43,3.03
21401015,1.9013,21.56,20.50,3.41,3.03
21401516,1.9013,21.56,20.50,3.41,3.03
21402016,1.9013,21.56,20.75,3.41,3.03
21402515,1.9013,21.56,20.75,3.41,3.03
21403016,1.9000,21.67,20.75,3.43,3.03
21403515,1.9013,21.56,20.75,3.43,3.03
21404016,1.9013,21.56,20.75,3.43,3.03
21404515,1.9000,21.67,20.75,3.43,3.03
21405016,1.9013,21.56,20.75,3.43,3.03
21405515,1.9013,21.56,20.75,3.43,3.03
21406015,1.9013,21.56,21.00,3.43,3.03
21406515,1.8975,21.87,21.00,3.43,3.03
21407027,1.9013,21.56,21.00,3.43,3.03
21407526,1.8987,21.77,21.00,3.43,3.03
21408027,1.9013,21.56,21.00,3.43,3.03
21408526,1.9013,21.56,19.50,3.43,3.03
21409026,1.8987,21.77,19.50,3.43,3.03
21409527,1.9013,21.56,19.50,3.43,3.03
21410026,1.9013,21.56,19.50,3.43,3.03
21410526,1.9000,21.67,21.00,3.43,3.03
21411026,1.9013,21.56,21.00,3.43,3.03
21411526,1.8975,21.87,21.00,3.43,3.03
21412026,1.9025,21.46,21.00,3.43,3.03
21412526,1.8987,21.71,20.75,3.43,3.03
21413026,1.9013,21.56,20.75,3.43,3.03
21413526,1.9013,21.56,20.75,3.43,3.03
21414026,1.9013,21.56,20.75,3.43,3.03
21414526,1.9013,21.56,20.75,3.43,3.03
21415026,1.8975,21.87,20.75,3.43,3.03
21415526,1.9013,21.56,20.75,3.43,3.03
21416026,1.9013,21.56,20.75,3.43,3.03
21416526,1.9013,21.56,20.75,3.43,3.03
21417026,1.9013,21.56,20.75,3.43,3.03
21417526,1.9013,21.56,20.75,3.43,3.03
21418026,1.9013,21.56,20.75,3.43,3.03
21418526,1.9000,21.67,20.75,3.43,3.03
21419026,1.9000,21.67,19.00,3.43,3.03
21419526,1.8975,21.87,19.00,3.41,3.03
21420027,1.9025,21.46,19.00,3.41,3.03
21420526,1.9013,21.56,19.00,3.41,3.03
21421027,1.9013,21.56,20.75,3.41,3.03
21421526,1.8963,21.98,20.75,3.43,3.03
21422030,1.8987,21.77,20.75,3.43,3.03
21422530,1.9000,21.67,20.75,3.43,3.03
21423030,1.9000,21.67,20.75,3.43,3.03
21423530,1.9013,21.56,20.75,3.41,3.03
21424030,1.8963,21.98,20.75,3.41,3.03
21424531,1.9013,21.56,20.75,3.41,3.03
21425030,1.9013,21.56,21.00,3.41,3.03
21425531,1.8975,21.87,21.00,3.43,3.03
21426030,1.8987,21.77,21.00,3.43,3.03
21426530,1.9013,21.56,21.00,3.43,3.03
21427030,1.9013,21.56,20.75,3.43,3.03
21427531,1.9013,21.56,20.75,3.43,3.03
21428031,1.9013,21.56,20.75,3.43,3.03
21428531,1.9013,21.56,20.75,3.43,3.03
21429030,1.9013,21.56,20.75,3.43,3.03
21429538,1.8975,21.87,19.50,3.43,3.03
21430038,1.9013,21.56,19.50,3.43,3.03
21430537,1.9013,21.56,19.50,3.43,3.03
21431037,1.9013,21.56,19.50,3.43,3.03
21431537,1.9013,21.56,20.75,3.43,3.03
21432037,1.9013,21.56,20.75,3.43,3.03
21432538,1.9013,21.56,20.75,3.43,3.03
21433037,1.9013,21.56,20.75,3.43,3.03
21433537,1.9000,21.67,20.75,3.43,3.03
21434038,1.9013,21.56,20.75,3.43,3.03
21434537,1.9013,21.56,20.75,3.43,3.03
21435037,1.8963,21.98,20.75,3.43,3.03
21435537,1.9013,21.56,21.00,3.43,3.03
21436038,1.9013,21.56,21.00,3.43,3.03
21436538,1.8987,21.77,21.00,3.43,3.03
21437037,1.9013,21.56,21.00,3.43,3.03
21437538,1.9013,21.56,21.00,3.43,3.03
21438038,1.9013,21.56,19.50,3.43,3.03
21438537,1.9013,21.56,19.50,3.43,3.03
21439037,1.9025,21.46,19.50,3.43,3.03
21439537,1.9013,21.56,19.50,3.43,3.03
21440037,1.8975,21.87,20.25,3.43,3.03
21440537,1.8937,22.19,20.25,3.43,3.03
21441037,1.9013,21.56,20.25,3.43,3.03
21441538,1.8975,21.87,20.25,3.43,3.03
21442037,1.9013,21.56,20.75,3.43,3.03
21442537,1.9013,21.56,20.75,3.43,3.03
21443037,1.8987,21.77,20.75,3.43,3.03
21443538,1.9013,21.56,20.75,3.43,3.03
21444037,1.8975,21.87,21.00,3.43,3.03
21444537,1.9000,21.67,21.00,3.43,3.03
21445037,1.9013,21.56,21.00,3.43,3.03
21445537,1.9013,21.56,21.00,3.43,3.03
21446037,1.9013,21.56,21.25,3.43,3.03
21446537,1.9013,21.56,21.25,3.43,3.03
21447037,1.9013,21.56,21.25,3.43,3.03
21447537,1.8987,21.77,21.25,3.43,3.03
21448037,1.9013,21.56,21.25,3.43,3.03
21448537,1.9013,21.56,19.50,3.43,3.03
21449037,1.9013,21.56,19.50,3.43,3.03
21449538,1.9013,21.56,19.50,3.43,3.03
21450038,1.9000,21.67,19.50,3.43,3.03
21450537,1.9013,21.56,21.00,3.43,3.03
21451037,1.8987,21.77,21.00,3.43,3.03
21451537,1.9013,21.56,21.00,3.43,3.03
21452037,1.9013,21.56,21.00,3.43,3.03
21452537,1.9013,21.56,21.00,3.43,3.03
21453038,1.8987,21.77,21.00,3.43,3.03
21453537,1.8937,22.19,21.00,3.43,3.03
21454037,1.9013,21.56,21.00,3.43,3.03
21454546,1.8975,21.87,20.75,3.43,3.03
21455045,1.9013,21.56,20.75,3.43,3.03
21455545,1.8987,21.77,20.75,3.43,3.03
21456045,1.9013,21.56,20.75,3.43,3.03
21456545,1.9013,21.56,20.25,3.43,3.03
21457045,1.9000,21.67,20.25,3.43,3.03
21457545,1.9013,21.56,20.25,3.43,3.03
21458055,1.9025,21.76,20.25,3.43,3.03
21458554,1.8975,21.87,20.25,3.43,3.03
21459054,1.9013,21.56,19.75,3.43,3.03
21459554,1.9013,21.56,19.75,3.43,3.03
21460054,1.9013,21.56,19.75,3.43,3.03
21460554,1.9013,21.56,19.75,3.43,3.03
21461054,1.8950,22.08,19.50,3.43,3.03
21461554,1.9025,21.46,19.50,3.43,3.03
21462054,1.9013,21.56,19.50,3.43,3.03
21462554,1.9013,21.56,19.50,3.43,3.03
21463054,1.9013,21.56,20.00,3.43,3.03
21463554,1.9013,21.56,20.00,3.43,3.03
21464054,1.9013,21.56,20.00,3.43,3.03
21464554,1.9000,21.67,20.00,3.41,3.03
21465054,1.9013,21.56,20.75,3.41,3.03
21465554,1.8987,21.77,20.75,3.41,3.03
21466054,1.9025,21.46,20.75,3.41,3.03
21466554,1.9013,21.56,20.75,3.43,3.03
21467054,1.9013,21.56,20.75,3.43,3.03
21467554,1.8975,21.87,20.75,3.43,3.03
21468054,1.9013,21.56,20.75,3.43,3.03
21468554,1.9013,21.56,20.75,3.43,3.03
21469055,1.8975,21.87,20.75,3.43,3.03
21469554,1.9013,21.56,19.25,3.43,3.03
21470054,1.8987,21.77,19.25,3.43,3.03
21470554,1.9025,21.58,19.25,3.43,3.03
21471055,1.9013,21.56,19.25,3.43,3.03
21471554,1.9013,21.56,20.75,3.43,3.03
21472054,1.8987,21.77,20.75,3.43,3.03
21472554,1.9013,21.56,20.75,3.43,3.03
21473055,1.9013,21.56,20.75,3.43,3.03
21473554,1.9013,21.56,21.25,3.43,3.03
21474054,1.9025,21.46,21.25,3.43,3.03
21474554,1.9013,21.56,21.25,3.43,3.03
21475054,1.9013,21.56,21.25,3.43,3.03
21475554,1.9013,21.56,20.25,3.43,3.03
21476054,1.9013,21.56,20.25,3.43,3.03
21476554,1.9013,21.56,20.25,3.43,3.03
21477055,1.9000,21.67,20.25,3.43,3.03
21477554,1.9013,21.56,20.25,3.43,3.03
21478054,1.9013,21.56,20.25,3.43,3.03
21478554,1.9013,21.56,20.25,3.43,3.03
21479054,1.9013,21.56,20.25,3.43,3.03
21479554,1.9013,21.56,20.25,3.43,3.03
21480054,1.8987,21.77,19.50,3.43,3.03
21480554,1.9013,21.56,19.50,3.43,3.03
21481055,1.8987,21.77,19.50,3.43,3.03
21481554,1.8987,21.77,19.50,3.43,3.03
21482054,1.9013,21.56,20.50,3.43,3.03
21482554,1.9013,21.56,20.50,3.43,3.03
21483054,1.9013,21.56,20.50,3.43,3.03
21483554,1.8975,21.87,20.50,3.43,3.03
21484054,1.9025,21.46,20.75,3.43,3.03
21484554,1.9013,21.56,20.75,3.43,3.03
21485055,1.9013,21.56,20.75,3.43,3.03
21485554,1.9013,21.56,20.75,3.43,3.03
21486054,1.9013,21.56,20.25,3.43,3.03
21486573,1.9000,21.67,20.25,3.43,3.03
21487073,1.9013,21.56,20.25,3.43,3.03
21487572,1.9013,21.56,20.25,3.43,3.03
21488072,1.9013,21.56,20.25,3.43,3.03
21488572,1.9025,21.46,19.25,3.43,3.03
21489072,1.9025,21.46,19.25,3.43,3.03
21489572,1.9013,21.56,19.25,3.43,3.03
21490073,1.9013,21.56,19.25,3.43,3.03
21490573,1.9025,21.46,20.75,3.43,3.03
21491072,1.9013,21.56,20.75,3.43,3.03
21491572,1.9013,21.56,20.75,3.43,3.03
21492080,1.9013,21.56,20.75,3.43,3.03
21492580,1.9013,21.56,20.75,3.43,3.03
21493080,1.9013,21.56,20.75,3.43,3.03
21493580,1.9013,21.56,20.75,3.43,3.03
21494080,1.9013,21.56,20.75,3.43,3.03
21494580,1.8987,21.77,20.50,3.43,3.03
21495080,1.9013,21.56,20.50,3.43,3.03
21495580,1.9013,21.56,20.50,3.43,3.03
21496080,1.9013,21.56,20.50,3.43,3.03
21496580,1.9025,21.46,20.50,3.43,3.03
21497080,1.9013,21.56,20.50,3.43,3.03
21497580,1.9013,21.56,20.50,3.43,3.03
21498080,1.8975,21.87,20.50,3.43,3.03
21498580,1.9013,21.56,20.50,3.43,3.03
21499080,1.9013,21.56,19.75,3.43,3.03
21499580,1.9013,21.56,19.75,3.43,3.03
21500081,1.9013,21.56,19.75,3.43,3.03
21500580,1.9013,21.56,19.75,3.43,3.03
21501080,1.9025,21.46,20.25,3.43,3.03
21501580,1.9013,21.56,20.25,3.43,3.03
21502080,1.9013,21.56,20.25,3.43,3.03
21502580,1.8987,21.77,20.25,3.43,3.03
21503080,1.9013,21.56,21.00,3.43,3.03
21503580,1.9025,21.46,21.00,3.43,3.03
21504081,1.9013,21.56,21.00,3.43,3.03
21504580,1.9000,21.67,21.00,3.43,3.03
21505080,1.9025,21.46,21.00,3.43,3.03
21505580,1.9013,21.56,21.00,3.43,3.03
21506080,1.9013,21.56,21.00,3.43,3.03
21506580,1.9013,21.56,21.00,3.43,3.03
21507080,1.9025,21.46,20.75,3.43,3.03
21507580,1.9000,21.67,20.75,3.43,3.03
21508081,1.8987,21.77,20.75,3.43,3.03
21508580,1.9013,21.56,20.75,3.43,3.03
21509080,1.8987,21.77,20.75,3.40,3.03
21509580,1.9013,21.56,19.75,3.40,3.03
21510080,1.9013,21.56,19.75,3.40,3.03
21510580,1.9013,21.56,19.75,3.40,3.03
21511104,1.9013,21.56,19.75,3.43,3.03
21511603,1.9013,21.56,20.75,3.43,3.03
21512103,1.9013,21.56,20.75,3.43,3.03
21512603,1.8975,21.87,20.75,3.43,3.03
21513104,1.9013,21.56,20.75,3.43,3.03
21513603,1.9013,21.56,20.75,3.43,3.03
21514103,1.9013,21.56,20.75,3.43,3.03
21514603,1.9013,21.56,20.75,3.43,3.03
21515103,1.9000,21.67,20.75,3.43,3.03
21515603,1.8937,22.19,21.00,3.40,3.03
21516103,1.9000,21.67,21.00,3.40,3.03
21516603,1.9000,21.67,21.00,3.40,3.03
21517103,1.8987,21.77,21.00,3.40,3.03
21517603,1.9025,21.46,19.50,3.43,3.03
21518103,1.9013,21.56,19.50,3.43,3.03
21518603,1.9013,21.56,19.50,3.43,3.03
21519101,1.9013,21.56,19.50,3.43,3.03
21519604,1.9025,21.46,19.50,3.43,3.03
21520103,1.9013,21.56,19.50,3.43,3.03
21520603,1.9013,21.56,19.50,3.43,3.03
21521104,1.9013,21.56,19.50,3.43,3.03
21521603,1.9025,21.46,19.50,3.43,3.03
21522103,1.9025,21.46,21.00,3.43,3.03
21522603,1.9013,21.56,21.00,3.43,3.03
21523103,1.9013,21.56,21.00,3.43,3.03
21523604,1.8987,21.77,21.00,3.43,3.03
21524103,1.9013,21.56,21.00,3.43,3.03
21524606,1.9013,21.65,21.00,3.43,3.03
21525106,1.9013,21.56,21.00,3.43,3.03
21525606,1.9025,21.46,21.00,3.43,3.03
21526106,1.9013,21.56,20.75,3.43,3.03
21526606,1.9025,21.46,20.75,3.43,3.03
21527106,1.8975,21.87,20.75,3.43,3.03
21527606,1.9013,21.56,20.75,3.43,3.03
21528106,1.9013,21.56,20.75,3.43,3.03
21528607,1.8987,21.77,19.50,3.43,3.03
21529106,1.9013,21.56,19.50,3.43,3.03
21529606,1.9013,21.56,19.50,3.43,3.03
21530106,1.9000,21.67,19.50,3.43,3.03
21530606,1.9025,21.46,21.00,3.43,3.03
21531106,1.8975,21.87,21.00,3.43,3.03
21531606,1.9013,21.56,21.00,3.40,3.03
21532106,1.8987,21.77,21.00,3.40,3.03
21532606,1.9025,21.46,20.75,3.40,3.03
21533106,1.9013,21.56,20.75,3.40,3.03
21533607,1.9013,21.56,20.75,3.43,3.03
21534107,1.9025,21.46,20.75,3.43,3.03
21534606,1.9013,21.56,20.75,3.43,3.03
21535107,1.9025,21.46,20.75,3.43,3.03
21535606,1.9013,21.56,20.75,3.43,3.03
21536106,1.9013,21.56,20.75,3.43,3.03
21536606,1.9025,21.46,20.50,3.43,3.03
21537106,1.9013,21.56,20.50,3.43,3.03
21537606,1.9013,21.56,20.50,3.43,3.03
21538106,1.8975,21.87,20.50,3.43,3.03
21538606,1.9025,21.46,20.50,3.43,3.03
21539106,1.9013,21.56,19.50,3.43,3.03
21539620,1.9013,21.56,19.50,3.40,3.03
21540119,1.9025,21.46,19.50,3.40,3.03
21540619,1.9025,21.46,19.50,3.40,3.03
21541119,1.9000,21.67,20.50,3.40,3.03
21541619,1.8963,21.98,20.50,3.40,3.03
21542119,1.9013,21.56,20.50,3.43,3.03
21542619,1.9025,21.46,20.50,3.43,3.03
21543119,1.9025,21.46,20.75,3.43,3.03
21543619,1.9013,21.56,20.75,3.43,3.03
21544119,1.9013,21.56,20.75,3.43,3.03
21544619,1.9025,21.46,20.75,3.43,3.03
21545119,1.9013,21.56,20.75,3.43,3.03
21545619,1.8975,21.87,20.75,3.43,3.03
21546119,1.9013,21.56,20.75,3.43,3.03
21546619,1.9000,21.67,20.75,3.43,3.03
21547119,1.8987,21.77,21.00,3.43,3.03
21547619,1.9013,21.56,21.00,3.43,3.03
21548120,1.9013,21.56,21.00,3.43,3.03
21548619,1.9013,21.56,21.00,3.43,3.03
21549119,1.9013,21.56,21.00,3.43,3.03
21549619,1.9013,21.56,19.50,3.43,3.03
21550119,1.9013,21.56,19.50,3.43,3.03
21550619,1.9013,21.56,19.50,3.43,3.03
21551120,1.9013,21.56,19.50,3.43,3.03
21551619,1.9025,21.55,20.75,3.43,3.03
21552119,1.9013,21.56,20.75,3.43,3.03
21552619,1.8950,22.08,20.75,3.43,3.03
21553119,1.9000,21.67,20.75,3.43,3.03
21553619,1.9000,21.67,20.25,3.43,3.03
21554119,1.9013,21.56,20.25,3.40,3.03
21554619,1.9013,21.56,20.25,3.40,3.03
21555119,1.9025,21.46,20.25,3.40,3.03
21555619,1.9025,21.46,20.75,3.40,3.03
21556122,1.8975,21.87,20.75,3.43,3.03
21556622,1.9013,21.56,20.75,3.43,3.03
21557121,1.9013,21.56,20.75,3.43,3.03
21557621,1.9025,21.46,20.50,3.43,3.03
21558121,1.9013,21.56,20.50,3.43,3.03
21558622,1.9013,21.56,20.50,3.43,3.03
21559121,1.9013,21.56,20.50,3.43,3.03
21559622,1.9013,21.56,20.50,3.43,3.03
21560121,1.8987,21.77,19.50,3.43,3.03
21560621,1.9013,21.56,19.50,3.43,3.03
21561121,1.9025,21.46,19.50,3.43,3.03
21561621,1.9025,21.46,19.50,3.43,3.03
21562121,1.9000,21.67,20.75,3.43,3.03
21562621,1.9013,21.56,20.75,3.43,3.03
21563121,1.9013,21.56,20.75,3.43,3.03
21563621,1.9013,21.56,20.75,3.43,3.03
21564121,1.9013,21.56,20.75,3.40,3.03
21564621,1.9013,21.56,20.75,3.40,3.03
21565121,1.9013,21.56,20.75,3.40,3.03
21565622,1.9025,21.46,20.75,3.40,3.03
21566121,1.9013,21.56,21.00,3.43,3.03
21566621,1.9013,21.56,21.00,3.43,3.03
21567121,1.8987,21.77,21.00,3.43,3.03
21567621,1.9025,21.46,21.00,3.43,3.03
21568134,1.9013,21.56,20.25,3.43,3.03
21568634,1.9013,21.56,20.25,3.43,3.03
21569134,1.9013,21.56,20.25,3.43,3.03
21569635,1.9025,21.46,20.25,3.43,3.03
21570134,1.8987,21.77,20.25,3.43,3.03
21570635,1.8975,21.87,19.75,3.43,3.03
21571134,1.9013,21.56,19.75,3.43,3.03
21571634,1.9000,21.67,19.75,3.43,3.03
21572134,1.9025,21.46,19.75,3.43,3.03
21572635,1.9013,21.56,20.75,3.43,3.03
21573135,1.9013,21.56,20.75,3.43,3.03
21573634,1.8987,21.77,20.75,3.43,3.03
21574134,1.9013,21.56,20.75,3.43,3.03
21574634,1.9013,21.56,19.50,3.43,3.03
21575134,1.9013,21.56,19.50,3.43,3.03
21575634,1.9025,21.46,19.50,3.43,3.03
21576134,1.9000,21.67,19.50,3.43,3.03
21576634,1.9013,21.56,19.50,3.43,3.03
21577134,1.9013,21.56,20.75,3.43,3.03
21577634,1.9013,21.56,20.75,3.43,3.03
21578135,1.8963,21.98,20.75,3.43,3.03
21578635,1.9013,21.56,20.75,3.43,3.03
21579134,1.9013,21.56,20.75,3.43,3.03
21579635,1.9013,21.56,20.75,3.43,3.03
21580134,1.9000,21.67,20.75,3.43,3.03
21580635,1.9025,21.62,20.75,3.43,3.03
21581134,1.8937,22.19,21.00,3.43,3.03
21581634,1.8987,21.77,21.00,3.43,3.03
21582134,1.9025,21.46,21.00,3.43,3.03
21582634,1.9025,21.46,21.00,3.43,3.03
21583134,1.9013,21.56,21.00,3.43,3.03
21583635,1.9025,21.46,21.00,3.43,3.03
21584134,1.9013,21.56,21.00,3.43,3.03
21584634,1.9025,21.46,21.00,3.43,3.03
21585134,1.8987,21.77,20.75,3.43,3.03
21585635,1.9013,21.56,20.75,3.43,3.03
21586134,1.9025,21.46,20.75,3.43,3.03
21586635,1.9025,21.46,20.75,3.43,3.03
21587134,1.9013,21.56,20.75,3.43,3.03
21587637,1.9000,21.67,19.50,3.43,3.03
21588137,1.9025,21.46,19.50,3.43,3.03
21588637,1.9025,21.49,19.50,3.40,3.03
21589137,1.9013,21.56,19.50,3.40,3.03
21589637,1.9013,21.56,20.75,3.40,3.03
21590138,1.9025,21.46,20.75,3.40,3.03
21590666,1.9025,21.46,20.75,3.43,3.03
21591165,1.9025,21.49,20.75,3.43,3.03
21591665,1.9013,21.56,20.75,3.43,3.03
21592165,1.9013,21.56,20.75,3.43,3.03
21592665,1.9013,21.56,20.75,3.43,3.03
21593166,1.9025,21.46,20.75,3.43,3.03
21593665,1.9000,21.67,21.00,3.43,3.03
21594165,1.9000,21.67,21.00,3.43,3.03
21594665,1.9025,21.46,21.00,3.43,3.03
21595166,1.9000,21.67,21.00,3.43,3.03
21595665,1.9013,21.56,20.75,3.43,3.03
21596166,1.8975,21.87,20.75,3.43,3.03
21596665,1.9013,21.56,20.75,3.43,3.03
21597166,1.9025,21.46,20.75,3.43,3.03
21597665,1.9013,21.56,20.75,3.43,3.03
21598165,1.8987,21.77,20.00,3.43,3.03
21598665,1.9025,21.46,20.00,3.43,3.03
21599165,1.9025,21.46,20.00,3.42,3.03
21599665,1.8975,21.87,20.00,3.42,3.03
21600165,1.9025,21.46,20.75,3.42,3.03
21600665,1.9025,21.46,20.75,3.42,3.03
21601166,1.9013,21.56,20.75,3.43,3.03
21601665,1.9000,21.67,20.75,3.43,3.03
21602165,1.9025,21.46,20.50,3.43,3.03
21602665,1.9000,21.67,20.50,3.43,3.03
21603166,1.9000,21.67,20.50,3.43,3.03
21603665,1.9000,21.67,20.50,3.43,3.03
21604165,1.9025,21.46,20.50,3.43,3.03
21604665,1.8987,21.77,20.50,3.43,3.03
21605166,1.9025,21.46,20.50,3.43,3.03
21605665,1.9000,21.57,20.50,3.43,3.03
21606165,1.8975,21.87,20.75,3.43,3.03
21606665,1.9025,21.46,20.75,3.43,3.03
21607165,1.9013,21.56,20.75,3.43,3.03
21607665,1.9025,21.47,20.75,3.43,3.03
21608165,1.9025,21.46,20.75,3.43,3.03
21608665,1.9025,21.46,20.00,3.43,3.03
21609166,1.9013,21.56,20.00,3.43,3.03
21609665,1.9025,21.46,20.00,3.43,3.03
21610165,1.9013,21.56,20.00,3.43,3.03
21610665,1.8987,21.77,20.25,3.43,3.03
21611165,1.9025,21.46,20.25,3.40,3.03
21611665,1.9025,21.46,20.25,3.40,3.03
21612165,1.8937,22.19,20.25,3.40,3.03
21612665,1.9013,21.56,20.75,3.40,3.03
21613165,1.9013,21.56,20.75,3.43,3.03
21613665,1.9025,21.46,20.75,3.43,3.03
21614165,1.8950,22.08,20.75,3.43,3.03
21614666,1.9013,21.56,20.75,3.43,3.03
21615165,1.9025,21.46,20.75,3.43,3.03
21615665,1.9025,21.46,20.75,3.43,3.03
21616165,1.9013,21.56,20.75,3.43,3.03
21616665,1.9013,21.56,20.75,3.43,3.03
21617165,1.9025,21.46,20.75,3.43,3.03
21617665,1.9013,21.56,20.75,3.43,3.03
21618172,1.8987,21.77,20.75,3.43,3.03
21618672,1.9013,21.56,20.75,3.43,3.03
21619182,1.9025,21.46,19.25,3.43,3.03
21619682,1.9025,21.46,19.25,3.43,3.03
21620181,1.9025,21.47,19.25,3.43,3.03
21620681,1.9013,21.56,19.25,3.43,3.03
21621181,1.8950,22.08,20.00,3.43,3.03
21621682,1.9025,21.46,20.00,3.43,3.03
21622181,1.9025,21.46,20.00,3.43,3.03
21622681,1.9000,21.67,20.00,3.43,3.03
21623181,1.9025,21.46,20.75,3.43,3.03
21623681,1.9025,21.46,20.75,3.43,3.03
21624181,1.9013,21.56,20.75,3.43,3.03
21624681,1.9013,21.56,20.75,3.43,3.03
21625181,1.8987,21.77,20.75,3.43,3.03
21625681,1.9000,21.67,20.75,3.43,3.03
21626182,1.9013,21.56,20.75,3.43,3.03
21626681,1.9013,21.56,20.75,3.43,3.03
21627181,1.9025,21.46,20.75,3.43,3.03
21627681,1.9025,21.46,20.75,3.43,3.03
21628181,1.8963,21.98,20.75,3.43,3.03
21628681,1.8950,22.08,20.75,3.43,3.03
21629181,1.9025,21.46,20.75,3.43,3.03
21629681,1.9025,21.46,19.75,3.42,3.03
21630181,1.9025,21.46,19.75,3.42,3.03
21630682,1.9013,21.56,19.75,3.42,3.03
21631181,1.9025,21.46,19.75,3.42,3.03
21631681,1.9025,21.46,20.75,3.42,3.03
21632182,1.9013,21.56,20.75,3.42,3.03
21632681,1.9013,21.56,20.75,3.42,3.03
21633182,1.8963,21.98,20.75,3.42,3.03
21633681,1.9000,21.67,20.50,3.40,3.03
21634181,1.8950,22.08,20.50,3.40,3.03
21634681,1.9000,21.67,20.50,3.40,3.03
21635181,1.9025,21.46,20.50,3.40,3.03
21635681,1.8987,21.77,19.50,3.42,3.03
21636181,1.9025,21.46,19.50,3.42,3.03
21636681,1.9025,21.46,19.50,3.42,3.03
21637181,1.8987,21.77,19.50,3.42,3.03
21637681,1.9025,21.46,20.75,3.42,3.03
21638181,1.9013,21.56,20.75,3.42,3.03
21638681,1.9000,21.67,20.75,3.42,3.03
21639181,1.9025,21.46,20.75,3.42,3.03
21639681,1.8987,21.77,20.75,3.42,3.03
21640181,1.9025,21.46,19.75,3.42,3.03
21640681,1.8987,21.77,19.75,3.42,3.03
21641181,1.8937,22.19,19.75,3.42,3.03
21641681,1.9025,21.46,19.75,3.43,3.03
21642181,1.9025,21.46,20.75,3.43,3.03
21642681,1.9025,21.46,20.75,3.43,3.03
21643181,1.8987,21.77,20.75,3.43,3.03
21643681,1.9025,21.46,20.75,3.42,3.03
21644181,1.8975,21.87,20.75,3.42,3.03
21644681,1.8950,22.08,20.75,3.42,3.03
21645181,1.8963,21.98,20.75,3.42,3.03
21645681,1.9013,21.56,20.75,3.40,3.03
21646181,1.9000,21.67,21.00,3.40,3.03
21646689,1.9013,21.56,21.00,3.40,3.03
21647187,1.9013,21.56,21.00,3.40,3.03
21647699,1.9013,21.56,21.00,3.42,3.03
21648199,1.9025,21.46,21.00,3.42,3.03
21648698,1.9025,21.46,21.00,3.42,3.03
21649198,1.9013,21.56,21.00,3.42,3.03
21649698,1.9000,21.67,21.00,3.42,3.03
21650198,1.9025,21.46,21.00,3.42,3.03
21650698,1.9013,21.56,19.50,3.42,3.03
21651198,1.9025,21.46,19.50,3.42,3.03
21651698,1.9013,21.56,19.50,3.42,3.03
21652198,1.9013,21.56,19.50,3.42,3.03
21652698,1.9025,21.46,20.75,3.42,3.03
21653198,1.9013,21.56,20.75,3.42,3.03
21653698,1.9000,21.67,20.75,3.42,3.03
21654199,1.8987,21.77,20.75,3.42,3.03
21654698,1.9025,21.46,20.50,3.42,3.03
21655198,1.9025,21.46,20.50,3.42,3.03
21655698,1.9013,21.56,20.50,3.42,3.03
21656198,1.9025,21.46,20.50,3.42,3.03
21656698,1.9025,21.46,20.75,3.42,3.03
21657198,1.9025,21.46,20.75,3.42,3.03
21657698,1.8987,21.77,20.75,3.42,3.03
21658198,1.9025,21.46,20.75,3.42,3.03
21658698,1.9013,21.56,20.75,3.42,3.03
21659198,1.8987,21.77,19.75,3.42,3.03
21659698,1.9013,21.56,19.75,3.42,3.03
21660199,1.8987,21.77,19.75,3.42,3.03
21660698,1.8987,21.77,19.75,3.42,3.03
21661198,1.8987,21.77,20.75,3.42,3.03
21661699,1.9000,21.67,20.75,3.42,3.03
21662198,1.9013,21.56,20.75,3.40,3.03
21662698,1.9025,21.46,20.75,3.40,3.03
21663198,1.9025,21.46,20.75,3.40,3.03
21663698,1.9025,21.46,20.75,3.40,3.03
21664199,1.8975,21.87,20.75,3.42,3.03
21664698,1.9025,21.46,20.75,3.42,3.03
21665198,1.9013,21.56,19.25,3.42,3.03
21665698,1.9025,21.46,19.25,3.42,3.03
21666199,1.9025,21.46,19.25,3.40,3.03
21666698,1.8975,21.87,19.25,3.40,3.03
21667198,1.9013,21.56,21.00,3.40,3.03
21667698,1.8987,21.77,21.00,3.40,3.03
21668199,1.9013,21.56,21.00,3.42,3.03
21668698,1.9000,21.67,21.00,3.42,3.03
21669198,1.9025,21.46,21.00,3.42,3.03
21669698,1.8963,21.98,19.25,3.42,3.03
21670198,1.8963,21.98,19.25,3.42,3.03
21670698,1.8987,21.77,19.25,3.42,3.03
21671198,1.8987,21.77,19.25,3.42,3.03
21671698,1.9013,21.56,21.25,3.42,3.03
21672220,1.9013,21.56,21.25,3.43,3.03
21672719,1.9000,21.67,21.25,3.43,3.03
21673220,1.9025,21.46,21.25,3.43,3.03
21673719,1.9025,21.46,21.00,3.43,3.03
21674219,1.9025,22.02,21.00,3.43,3.03
21674719,1.9013,21.56,21.00,3.42,3.03
21675219,1.9025,21.46,21.00,3.42,3.03
21675719,1.9013,21.56,20.50,3.42,3.03
21676219,1.9013,21.56,20.50,3.42,3.03
21676720,1.9013,21.56,20.50,3.42,3.03
21677219,1.9025,21.46,20.50,3.42,3.03
21677719,1.9000,21.67,21.00,3.42,3.03
21678219,1.9025,21.46,21.00,3.42,3.03
21678719,1.9013,21.56,21.00,3.42,3.03
21679219,1.9013,21.56,21.00,3.42,3.03
21679719,1.9013,21.56,21.00,3.42,3.03
21680219,1.9025,21.46,19.75,3.42,3.03
21680719,1.9013,21.56,19.75,3.43,3.03
21681220,1.8987,21.77,19.75,3.43,3.03
21681719,1.8987,21.77,19.75,3.43,3.03
21682219,1.9013,21.56,20.50,3.43,3.03
21682719,1.9013,21.56,20.50,3.42,3.03
21683225,1.9013,21.56,20.50,3.42,3.03
21683725,1.9013,21.56,20.50,3.42,3.03
21684225,1.9000,21.67,21.00,3.42,3.03
21684725,1.8975,21.87,21.00,3.40,3.03
21685225,1.9013,21.56,21.00,3.40,3.03
21685725,1.9013,21.56,21.00,3.40,3.03
21686225,1.9025,21.46,21.00,3.40,3.03
21686725,1.9013,21.56,21.00,3.42,3.03
21687225,1.9013,21.56,21.00,3.42,3.03
21687725,1.8987,21.77,21.00,3.42,3.03
21688225,1.9013,21.56,21.00,3.42,3.03
21688726,1.9013,21.56,21.00,3.42,3.03
21689225,1.9013,21.56,21.00,3.42,3.03
21689725,1.9013,21.56,21.00,3.42,3.03
21690225,1.9025,21.46,21.00,3.42,3.03
21690725,1.9025,21.48,20.00,3.42,3.03
21691225,1.8975,21.87,20.00,3.42,3.03
21691725,1.9013,21.56,20.00,3.42,3.03
21692225,1.9013,21.56,20.00,3.42,3.03
21692726,1.8963,21.98,21.00,3.40,3.03
21693226,1.9013,21.56,21.00,3.40,3.03
21693725,1.9013,21.56,21.00,3.40,3.03
21694225,1.9013,21.56,21.00,3.40,3.03
21694725,1.9013,21.56,21.00,3.42,3.03
21695225,1.9013,21.56,21.00,3.42,3.03
21695725,1.9013,21.56,21.00,3.42,3.03
21696225,1.9025,21.46,21.00,3.42,3.03
21696726,1.9000,21.67,21.00,3.42,3.03
21697225,1.9013,21.56,21.00,3.42,3.03
21697726,1.8975,21.87,21.00,3.42,3.03
21698225,1.9013,21.56,21.00,3.42,3.03
21698725,1.9013,21.56,20.75,3.42,3.03
21699225,1.9013,21.56,20.75,3.42,3.03
21699725,1.9013,21.56,20.75,3.42,3.03
21700225,1.9025,21.46,20.75,3.42,3.03
21700738,1.9013,21.56,20.75,3.42,3.03
21701237,1.8975,21.87,19.50,3.42,3.03
21701737,1.9013,21.56,19.50,3.42,3.03
21702237,1.9013,21.56,19.50,3.42,3.03
21702737,1.9013,21.56,19.50,3.42,3.03
21703237,1.9013,21.56,20.50,3.42,3.03
21703737,1.9013,21.56,20.50,3.42,3.03
21704237,1.9025,21.46,20.50,3.42,3.03
21704737,1.9000,21.67,20.50,3.42,3.03
21705237,1.9013,21.56,20.75,3.42,3.03
21705737,1.9013,21.56,20.75,3.42,3.03
21706237,1.9013,21.56,20.75,3.42,3.03
21706737,1.9025,21.46,20.75,3.42,3.03
21707237,1.9013,21.56,20.75,3.42,3.03
21707737,1.9013,21.56,21.00,3.42,3.03
21708237,1.8975,21.87,21.00,3.42,3.03
21708737,1.8987,21.77,21.00,3.42,3.03
21709237,1.8987,21.77,21.00,3.42,3.03
21709737,1.9013,21.56,20.50,3.42,3.03
21710237,1.9013,21.56,20.50,3.42,3.03
21710737,1.9000,21.67,20.50,3.42,3.03
21711237,1.9013,21.56,20.50,3.42,3.03
21711737,1.8963,21.98,20.75,3.42,3.03
21712237,1.9013,21.56,20.75,3.42,3.03
21712737,1.9013,21.56,20.75,3.42,3.03
21713237,1.8975,21.87,20.75,3.42,3.03
21713737,1.9000,21.67,21.00,3.42,3.03
21714237,1.9013,21.56,21.00,3.42,3.03
21714738,1.8987,21.77,21.00,3.42,3.03
21715237,1.9013,21.56,21.00,3.42,3.03
21715741,1.9013,21.56,21.25,3.42,3.03
21716241,1.9013,21.56,21.25,3.42,3.03
21716741,1.9013,21.56,21.25,3.42,3.03
21717241,1.9025,21.46,21.25,3.42,3.04
21717741,1.9025,21.55,21.25,3.42,3.04
21718242,1.8975,21.87,19.50,3.42,3.04
21718741,1.9013,21.56,19.50,3.42,3.04
21719242,1.9025,21.46,19.50,3.42,3.03
21719741,1.9013,21.56,19.50,3.42,3.03
21720241,1.9013,21.56,20.75,3.42,3.03
21720741,1.9013,21.56,20.75,3.42,3.03
21721242,1.8987,21.77,20.75,3.40,3.03
21721741,1.9013,21.56,20.75,3.40,3.03
21722241,1.9013,21.56,21.00,3.40,3.03
21722741,1.9013,21.56,21.00,3.40,3.03
21723241,1.9013,21.56,21.00,3.42,3.03
21723741,1.9013,21.56,21.00,3.42,3.03
21724242,1.9013,21.56,21.00,3.42,3.03
21724741,1.8975,21.87,20.25,3.42,3.03
21725242,1.8975,21.87,20.25,3.40,3.03
21725741,1.9013,21.56,20.25,3.40,3.03
21726242,1.9013,21.56,20.25,3.40,3.03
21726741,1.9013,21.56,21.00,3.40,3.03
21727242,1.9013,21.56,21.00,3.40,3.03
21727742,1.8963,21.98,21.00,3.40,3.03
21728241,1.8950,22.08,21.00,3.40,3.03
21728741,1.9013,21.56,21.25,3.40,3.03
21729252,1.9013,21.56,21.25,3.42,3.03
21729751,1.8987,21.77,21.25,3.42,3.03
21730251,1.8975,21.87,21.25,3.42,3.03
21730752,1.9013,21.56,21.00,3.42,3.03
21731251,1.9013,21.56,21.00,3.42,3.03
21731751,1.9000,21.67,21.00,3.42,3.03
21732251,1.9013,21.56,21.00,3.42,3.03
21732751,1.8987,21.77,21.00,3.42,3.03
21733251,1.8987,21.77,19.75,3.42,3.03
21733751,1.9013,21.56,19.75,3.42,3.03
21734251,1.9000,21.67,19.75,3.42,3.03
21734751,1.9013,21.56,19.75,3.42,3.03
21735251,1.8975,21.87,20.25,3.42,3.03
21735751,1.9025,21.46,20.25,3.42,3.03
21736251,1.9013,21.56,20.25,3.42,3.03
21736752,1.9013,21.56,20.25,3.42,3.03
21737252,1.9013,21.56,21.25,3.42,3.03
21737751,1.9013,21.56,21.25,3.42,3.03
21738251,1.9013,21.56,21.25,3.42,3.03
21738751,1.9013,21.56,21.25,3.42,3.03
21739251,1.9013,21.56,21.25,3.42,3.03
21739752,1.8987,21.77,21.25,3.42,3.03
21740252,1.9013,21.56,21.25,3.42,3.03
21740751,1.9013,21.56,21.25,3.42,3.03
21741251,1.9013,21.56,21.25,3.42,3.03
21741751,1.8975,21.87,20.00,3.40,3.03
21742251,1.8963,21.98,20.00,3.40,3.03
21742751,1.9013,21.56,20.00,3.40,3.03
21743251,1.9013,21.56,20.00,3.40,3.03
21743751,1.9013,21.56,21.25,3.42,3.03
21744252,1.9000,21.67,21.25,3.42,3.03
21744751,1.9013,21.56,21.25,3.42,3.03
21745252,1.8975,21.87,21.25,3.42,3.03
21745752,1.9013,21.56,21.00,3.42,3.03
21746251,1.9013,21.56,21.00,3.42,3.03
21746751,1.9013,21.56,21.00,3.42,3.03
21747258,1.8987,21.77,21.00,3.42,3.03
21747757,1.9013,21.56,21.00,3.42,3.03
21748257,1.8975,21.87,21.00,3.42,3.03
21748757,1.8987,21.77,21.00,3.42,3.03
21749257,1.8987,21.77,21.00,3.42,3.03
21749758,1.9000,21.67,21.00,3.40,3.03
21750257,1.9013,21.56,19.75,3.40,3.03
21750758,1.8950,22.08,19.75,3.40,3.03
21751257,1.8963,21.98,19.75,3.40,3.03
21751785,1.8925,22.29,19.75,3.40,3.03
21752284,1.8987,21.77,21.00,3.40,3.03
21752784,1.9013,21.56,21.00,3.40,3.03
21753285,1.8987,21.77,21.00,3.40,3.03
21753785,1.8987,21.77,21.00,3.40,3.03
21754284,1.8987,21.77,21.25,3.42,3.03
21754784,1.9013,21.56,21.25,3.42,3.03
21755284,1.8975,21.87,21.25,3.42,3.03
21755784,1.8975,21.87,21.25,3.42,3.03
21756284,1.8987,21.77,21.50,3.42,3.03
21756784,1.9000,21.67,21.50,3.42,3.03
21757284,1.9013,21.73,21.50,3.42,3.03
21757784,1.8987,21.77,21.50,3.42,3.03
21758284,1.9025,21.46,20.75,3.42,3.03
21758784,1.8975,21.87,20.75,3.42,3.03
21759284,1.9013,21.56,20.75,3.42,3.03
21759784,1.9013,21.56,20.75,3.42,3.03
21760284,1.9013,21.56,20.75,3.42,3.03
21760785,1.9000,21.67,20.00,3.42,3.03
21761284,1.9013,21.56,20.00,3.42,3.03
21761784,1.8963,21.98,20.00,3.42,3.03
21762284,1.8975,21.87,20.00,3.42,3.03
21762784,1.8963,21.98,21.00,3.42,3.03
21763284,1.9000,21.67,21.00,3.42,3.03
21763784,1.9013,21.56,21.00,3.42,3.03
21764284,1.9000,21.67,21.00,3.40,3.03
21764784,1.9013,21.56,20.75,3.40,3.03
21765284,1.8987,21.77,20.75,3.40,3.03
21765784,1.9013,21.56,20.75,3.40,3.03
21766284,1.9013,21.56,20.75,3.42,3.03
21766784,1.9013,21.56,21.00,3.42,3.03
21767284,1.9013,21.56,21.00,3.42,3.03
21767784,1.9013,21.56,21.00,3.42,3.03
21768284,1.9013,21.56,21.00,3.42,3.03
21768785,1.8963,21.98,21.00,3.42,3.03
21769284,1.9013,21.56,21.00,3.42,3.03
21769784,1.8987,21.77,21.00,3.42,3.03
21770284,1.9013,21.56,21.00,3.42,3.03
21770784,1.9013,21.56,21.00,3.42,3.03
21771284,1.9013,21.56,19.75,3.42,3.03
21771784,1.9013,21.56,19.75,3.42,3.03
21772284,1.8975,21.87,19.75,3.42,3.03
21772784,1.9013,21.56,19.75,3.42,3.03
21773285,1.9013,21.56,20.75,3.42,3.03
21773785,1.9013,21.56,20.75,3.42,3.03
21774284,1.9013,21.56,20.75,3.42,3.03
21774784,1.8987,21.77,20.75,3.42,3.03
21775283,1.8975,21.87,21.25,3.42,3.03
21775784,1.9013,21.56,21.25,3.42,3.03
21776284,1.9013,21.56,21.25,3.42,3.03
21776785,1.9013,21.56,21.25,3.42,3.03
21777284,1.8987,21.77,21.00,3.42,3.03
21777784,1.9013,21.56,21.00,3.42,3.03
21778284,1.9013,21.56,21.00,3.42,3.03
21778794,1.8987,21.77,21.00,3.42,3.03
21779294,1.9000,21.67,21.00,3.42,3.03
21779794,1.9000,21.67,21.00,3.42,3.03
21780303,1.9013,21.56,21.00,3.42,3.03
21780802,1.9013,21.56,21.00,3.42,3.03
21781303,1.8975,21.87,21.00,3.42,3.03
21781802,1.9013,21.56,20.25,3.42,3.03
21782302,1.8975,21.87,20.25,3.42,3.03
21782803,1.9013,21.56,20.25,3.42,3.03
21783302,1.9013,21.56,20.25,3.42,3.03
21783802,1.9013,21.56,21.25,3.42,3.03
21784303,1.9000,21.67,21.25,3.42,3.03
21784802,1.9013,21.56,21.25,3.42,3.03
21785302,1.8975,21.87,21.25,3.42,3.03
21785802,1.9000,21.67,20.75,3.42,3.03
21786303,1.8975,21.80,20.75,3.42,3.03
21786802,1.8975,21.87,20.75,3.40,3.03
21787303,1.8987,21.77,20.75,3.40,3.03
21787802,1.9013,21.56,21.25,3.40,3.03
21788302,1.9013,21.56,21.25,3.40,3.03
21788802,1.9013,21.56,21.25,3.42,3.03
21789302,1.8975,21.87,21.25,3.42,3.03
21789802,1.9013,21.56,21.25,3.42,3.03
21790302,1.9013,21.56,21.25,3.42,3.03
21790802,1.9013,21.56,21.25,3.42,3.03
21791302,1.9013,21.56,21.25,3.42,3.03
21791802,1.9013,21.56,21.25,3.42,3.03
21792302,1.9013,21.56,20.00,3.42,3.03
21792802,1.8975,21.87,20.00,3.42,3.03
21793302,1.9013,21.56,20.00,3.42,3.03
21793803,1.8987,21.77,20.00,3.42,3.03
21794302,1.8975,21.87,21.00,3.42,3.03
21794802,1.8963,21.98,21.00,3.42,3.03
21795302,1.8987,21.77,21.00,3.42,3.03
21795802,1.8975,21.87,21.00,3.42,3.03
21796302,1.9013,21.56,20.50,3.42,3.03
21796802,1.9013,21.56,20.50,3.42,3.03
21797302,1.8987,21.77,20.50,3.42,3.03
21797802,1.8963,21.98,20.50,3.42,3.03
21798302,1.9013,21.56,21.50,3.42,3.03
21798802,1.9013,21.56,21.50,3.42,3.03
21799302,1.8975,21.87,21.50,3.42,3.03
21799802,1.9013,21.56,21.50,3.42,3.03
21800302,1.9013,21.56,21.25,3.42,3.03
21800802,1.9013,21.56,21.25,3.42,3.03
21801302,1.9000,21.67,21.25,3.42,3.03
21801802,1.9013,21.56,21.25,3.42,3.03
21802302,1.9013,21.56,21.25,3.42,3.03
21802802,1.9000,21.69,20.00,3.42,3.03
21803302,1.9000,21.67,20.00,3.42,3.03
21803802,1.9013,21.56,20.00,3.42,3.03
21804302,1.8975,21.87,20.00,3.42,3.03
21804802,1.9013,21.56,21.00,3.42,3.03
21805302,1.9013,21.56,21.00,3.42,3.03
21805802,1.9000,21.67,21.00,3.42,3.03
21806302,1.9000,21.67,21.00,3.42,3.03
21806802,1.9013,21.56,21.00,3.42,3.03
21807302,1.9013,21.56,21.00,3.42,3.03
21807802,1.8987,21.77,21.00,3.42,3.03
21808302,1.9013,21.56,21.00,3.42,3.03
21808819,1.9013,21.56,21.25,3.42,3.03
21809319,1.8975,21.87,21.25,3.42,3.03
21809819,1.8963,21.98,21.25,3.42,3.03
21810319,1.9013,21.56,21.25,3.42,3.03
21810819,1.9013,21.56,21.25,3.42,3.03
21811320,1.9013,21.56,19.75,3.42,3.03
21811819,1.9000,21.67,19.75,3.42,3.03
21812319,1.9013,21.56,19.75,3.42,3.03
21812820,1.9000,21.67,19.75,3.42,3.03
21813320,1.9013,21.83,21.25,3.40,3.03
21813819,1.9013,21.56,21.25,3.40,3.03
21814319,1.9013,21.56,21.25,3.40,3.03
21814819,1.9000,21.67,21.25,3.40,3.03
21815319,1.9025,21.46,20.75,3.42,3.03
21815820,1.9013,21.56,20.75,3.42,3.03
21816319,1.8975,21.87,20.75,3.42,3.03
21816820,1.9013,21.56,20.75,3.42,3.03
21817319,1.9013,21.56,21.00,3.42,3.03
21817819,1.9013,21.56,21.00,3.42,3.03
21818319,1.9013,21.56,21.00,3.42,3.03
21818819,1.9013,21.56,21.00,3.42,3.03
21819319,1.9013,21.56,21.00,3.42,3.03
21819819,1.8975,21.87,20.50,3.42,3.03
21820319,1.9013,21.56,20.50,3.42,3.03
21820819,1.9013,21.56,20.50,3.42,3.03
21821319,1.9013,21.56,20.50,3.42,3.03
21821819,1.9013,21.56,21.00,3.42,3.03
21822319,1.9013,21.56,21.00,3.42,3.03
21822819,1.8987,21.77,21.00,3.42,3.03
21823319,1.9013,21.56,21.00,3.42,3.03
21823819,1.8950,22.08,20.75,3.42,3.03
21824319,1.9000,21.67,20.75,3.42,3.03
21824819,1.9013,21.56,20.75,3.42,3.03
21825319,1.9025,21.46,20.75,3.42,3.04
21825819,1.8987,21.77,20.75,3.42,3.04
21826319,1.8937,22.19,20.75,3.42,3.04
21826820,1.9000,21.67,20.75,3.42,3.04
21827319,1.9013,21.56,20.75,3.42,3.04
21827819,1.9013,21.56,20.75,3.42,3.04
21828319,1.9013,21.56,20.00,3.42,3.04
21828819,1.9013,21.56,20.00,3.42,3.04
21829319,1.9013,21.56,20.00,3.42,3.03
21829819,1.9013,21.78,20.00,3.42,3.03
21830320,1.9013,21.56,21.00,3.42,3.03
21830819,1.9013,21.56,21.00,3.42,3.03
21831319,1.9013,21.56,21.00,3.42,3.03
21831819,1.9000,21.67,21.00,3.42,3.03
21832320,1.9013,21.56,21.00,3.42,3.03
21832819,1.9013,21.56,21.00,3.42,3.03
21833319,1.9000,21.67,21.00,3.42,3.03
21833819,1.9013,21.56,21.00,3.42,3.03
21834319,1.9000,21.67,20.75,3.42,3.03
21834819,1.9013,21.56,20.75,3.42,3.03
21835319,1.9013,21.56,20.75,3.42,3.03
21835819,1.8963,21.98,20.75,3.42,3.03
21836319,1.8975,21.87,20.75,3.42,3.03
21836820,1.9013,21.56,21.00,3.42,3.03
21837336,1.9013,21.56,21.00,3.42,3.03
21837835,1.9000,21.67,21.00,3.42,3.03
21838335,1.8987,21.77,21.00,3.42,3.03
21838835,1.9013,21.56,20.75,3.42,3.03
21839335,1.9013,21.56,20.75,3.42,3.03
21839836,1.8950,22.08,20.75,3.42,3.03
21840335,1.9000,21.67,20.75,3.42,3.03
21840835,1.9000,21.67,20.75,3.42,3.03
21841335,1.8975,21.87,20.75,3.42,3.03
21841836,1.9013,21.56,20.75,3.42,3.04
21842335,1.9013,21.56,20.75,3.42,3.04
21842835,1.9013,21.56,20.75,3.42,3.04
21843335,1.8975,21.87,20.75,3.42,3.04
21843835,1.8963,21.98,20.75,3.40,3.03
21844336,1.9013,21.56,20.75,3.40,3.03
21844835,1.9013,21.56,21.25,3.40,3.03
21845335,1.9013,21.56,21.25,3.40,3.03
21845835,1.9013,21.56,21.25,3.42,3.03
21846336,1.9013,21.56,21.25,3.42,3.03
21846835,1.8963,21.98,21.25,3.42,3.03
21847336,1.9013,21.56,20.25,3.42,3.03
21847835,1.9013,21.56,20.25,3.42,3.04
21848335,1.9013,21.56,20.25,3.42,3.04
21848835,1.9013,21.56,20.25,3.42,3.04
21849335,1.9013,21.56,21.50,3.42,3.04
21849835,1.8987,21.77,21.50,3.42,3.03
21850336,1.9013,21.56,21.50,3.42,3.03
21850835,1.9000,21.67,21.50,3.42,3.03
21851335,1.9013,21.56,21.50,3.42,3.03
21851835,1.9013,21.56,21.50,3.42,3.03
21852335,1.9013,21.56,21.50,3.42,3.03
21852835,1.9013,21.56,21.50,3.42,3.03
21853335,1.8975,21.87,20.75,3.42,3.03
21853835,1.9013,21.56,20.75,3.42,3.03
21854335,1.9013,21.56,20.75,3.42,3.03
21854835,1.9013,21.56,20.75,3.42,3.03
21855335,1.9013,21.56,21.00,3.42,3.03
21855835,1.9013,21.56,21.00,3.42,3.03
21856335,1.9013,21.56,21.00,3.42,3.03
21856835,1.8975,21.87,21.00,3.42,3.03
21857335,1.9013,21.56,21.00,3.42,3.03
21857835,1.9013,21.56,19.50,3.42,3.04
21858335,1.9013,21.56,19.50,3.42,3.04
21858835,1.9013,21.56,19.50,3.42,3.04
21859335,1.9000,21.67,19.50,3.42,3.04
21859835,1.9013,21.56,21.00,3.42,3.04
21860335,1.9000,21.67,21.00,3.42,3.03
21860835,1.9013,21.56,21.00,3.42,3.03
21861335,1.9013,21.56,21.00,3.42,3.03
21861835,1.9013,21.56,21.25,3.42,3.03
21862335,1.9013,21.56,21.25,3.42,3.03
21862835,1.9013,21.56,21.25,3.42,3.03
21863335,1.8975,21.87,21.25,3.42,3.03
21863835,1.9013,21.56,20.75,3.42,3.03
21864335,1.9000,21.67,20.75,3.42,3.04
21864835,1.9013,21.56,20.75,3.42,3.04
21865335,1.8987,21.77,20.75,3.42,3.04
21865835,1.9013,21.56,21.00,3.42,3.04
21866335,1.9013,21.56,21.00,3.42,3.04
21866835,1.9013,21.56,21.00,3.42,3.04
21867335,1.9013,21.56,21.00,3.42,3.04
21867835,1.9013,21.56,21.00,3.42,3.04
21868335,1.9000,21.67,19.25,3.42,3.04
21868835,1.8963,21.98,19.25,3.42,3.04
21869335,1.9013,21.56,19.25,3.42,3.04
21869835,1.9013,21.56,19.25,3.42,3.04
21870335,1.8987,21.77,20.25,3.42,3.04
21870835,1.9013,21.56,20.25,3.42,3.04
21871341,1.9013,21.56,20.25,3.42,3.04
21871841,1.9013,21.56,20.25,3.42,3.04
21872341,1.9000,21.67,20.75,3.42,3.04
21872841,1.9013,21.56,20.75,3.42,3.04
21873342,1.8950,21.74,20.75,3.42,3.04
21873841,1.8975,21.87,20.75,3.42,3.04
21874341,1.8987,21.77,20.75,3.42,3.04
21874841,1.9013,21.56,20.75,3.42,3.04
21875341,1.9013,21.56,20.75,3.42,3.04
21875841,1.9013,21.56,20.75,3.42,3.04
21876341,1.9013,21.56,21.00,3.42,3.04
21876842,1.8975,21.87,21.00,3.42,3.04
21877341,1.8950,22.08,21.00,3.42,3.04
21877841,1.8987,21.77,21.00,3.42,3.04
21878341,1.9013,21.56,21.00,3.42,3.04
21878841,1.9013,21.56,20.25,3.42,3.04
21879341,1.9013,21.56,20.25,3.42,3.04
21879841,1.9013,21.56,20.25,3.42,3.04
21880368,1.8975,21.87,20.25,3.42,3.04
21880867,1.8987,21.77,21.25,3.42,3.04
21881367,1.9013,21.56,21.25,3.42,3.04
21881867,1.9013,21.56,21.25,3.42,3.04
21882367,1.9013,21.56,21.25,3.42,3.04
21882868,1.9013,21.56,21.25,3.42,3.04
21883367,1.9013,21.56,21.25,3.42,3.04
21883867,1.9013,21.81,21.25,3.42,3.04
21884367,1.9013,21.56,21.25,3.42,3.04
21884868,1.9013,21.56,21.00,3.42,3.04
21885367,1.9013,21.56,21.00,3.42,3.04
21885868,1.8987,21.77,21.00,3.42,3.04
21886367,1.9013,21.56,21.00,3.42,3.04
21886867,1.9013,21.56,21.25,3.42,3.04
21887367,1.9000,21.67,21.25,3.42,3.04
21887867,1.9000,21.67,21.25,3.42,3.04
21888367,1.9013,21.56,21.25,3.42,3.04
21888867,1.9013,21.56,21.25,3.42,3.04
21889367,1.9013,21.56,20.00,3.42,3.04
21889867,1.9013,21.56,20.00,3.42,3.04
21890367,1.8975,21.87,20.00,3.42,3.04
21890867,1.9013,21.56,20.00,3.42,3.04
21891367,1.9000,21.67,21.00,3.42,3.04
21891867,1.9013,21.56,21.00,3.42,3.04
21892367,1.9013,21.56,21.00,3.42,3.04
21892867,1.8987,21.77,21.00,3.42,3.04
21893367,1.9013,21.56,21.25,3.42,3.04
21893867,1.9013,21.56,21.25,3.42,3.04
21894367,1.9000,21.67,21.25,3.42,3.04
21894868,1.9013,21.56,21.25,3.42,3.04
21895367,1.9013,21.56,21.00,3.42,3.04
21895867,1.9013,21.56,21.00,3.42,3.04
21896367,1.9013,21.56,21.00,3.42,3.04
21896867,1.9000,21.67,21.00,3.42,3.04
21897367,1.8987,21.77,21.00,3.42,3.04
21897867,1.9013,21.56,21.00,3.42,3.04
21898367,1.8987,21.77,21.00,3.42,3.04
21898867,1.9013,21.56,21.00,3.42,3.04
21899367,1.9000,21.67,21.00,3.42,3.04
21899868,1.9013,21.56,20.00,3.42,3.04
21900367,1.9013,21.56,20.00,3.42,3.04
21900867,1.8975,21.87,20.00,3.40,3.04
21901367,1.8975,21.87,20.00,3.40,3.04
21901867,1.9013,21.56,21.25,3.40,3.04
21902367,1.9013,21.56,21.25,3.40,3.04
21902868,1.9013,21.56,21.25,3.42,3.04
21903366,1.9013,21.56,21.25,3.42,3.04
21903870,1.9013,21.56,21.00,3.42,3.04
21904369,1.9000,21.67,21.00,3.42,3.04
21904869,1.9000,21.67,21.00,3.40,3.04
21905369,1.8963,21.98,21.00,3.40,3.04
21905869,1.8975,21.87,20.50,3.40,3.04
21906369,1.8987,21.77,20.50,3.40,3.04
21906869,1.9013,21.56,20.50,3.42,3.04
21907369,1.9000,21.67,20.50,3.42,3.04
21907869,1.8987,21.77,21.00,3.42,3.04
21908369,1.9013,21.56,21.00,3.42,3.04
21908887,1.8950,22.08,21.00,3.40,3.04
21909387,1.8975,21.87,21.00,3.40,3.04
21909886,1.9000,21.67,21.00,3.40,3.04
21910386,1.9013,21.56,20.25,3.40,3.04
21910886,1.9013,21.86,20.25,3.40,3.04
21911386,1.9013,21.56,20.25,3.42,3.04
21911886,1.9013,21.56,20.25,3.42,3.04
21912386,1.8987,21.77,19.50,3.42,3.04
21912886,1.9013,21.62,19.50,3.42,3.04
21913387,1.9013,21.56,19.50,3.42,3.04
21913886,1.9013,21.56,19.50,3.42,3.04
21914386,1.9000,21.67,20.50,3.42,3.04
21914886,1.9013,21.56,20.50,3.42,3.04
21915387,1.9013,21.56,20.50,3.42,3.04
21915886,1.8987,21.77,20.50,3.42,3.04
21916386,1.9013,21.56,21.50,3.42,3.04
21916886,1.9013,21.56,21.50,3.42,3.04
21917386,1.9013,21.56,21.50,3.42,3.04
21917886,1.8975,21.87,21.50,3.42,3.04
21918386,1.9013,21.56,21.25,3.42,3.04
21918886,1.9013,21.56,21.25,3.42,3.04
21919386,1.9013,21.56,21.25,3.42,3.04
21919886,1.9000,21.67,21.25,3.42,3.04
21920386,1.8987,21.77,21.25,3.42,3.04
21920886,1.8963,21.98,20.00,3.42,3.04
21921387,1.8950,22.08,20.00,3.42,3.04
21921886,1.8987,21.77,20.00,3.42,3.04
21922387,1.9000,21.67,20.00,3.42,3.04
21922886,1.9013,21.56,21.50,3.42,3.04
21923386,1.9013,21.56,21.50,3.42,3.04
21923886,1.9013,21.56,21.50,3.42,3.04
21924386,1.8963,21.98,21.50,3.42,3.04
21924886,1.9000,21.67,21.00,3.42,3.04
21925386,1.9013,21.56,21.00,3.42,3.04
21925886,1.8987,21.77,21.00,3.42,3.04
21926386,1.9013,21.56,21.00,3.42,3.04
21926886,1.9000,21.67,20.75,3.42,3.04
21927387,1.9013,21.81,20.75,3.42,3.04
21927886,1.8975,21.87,20.75,3.42,3.04
21928386,1.8987,21.77,20.75,3.42,3.04
21928886,1.8987,21.77,21.00,3.42,3.04
21929386,1.9013,21.58,21.00,3.42,3.04
21929886,1.9000,21.67,21.00,3.42,3.04
21930386,1.9013,21.56,21.00,3.42,3.04
21930886,1.9013,21.56,21.00,3.42,3.04
21931386,1.9013,21.56,20.00,3.42,3.04
21931886,1.9013,21.56,20.00,3.42,3.04
21932386,1.9013,21.56,20.00,3.42,3.04
21932886,1.8987,21.77,20.00,3.42,3.04
21933387,1.8987,21.77,21.00,3.40,3.04
21933886,1.8937,22.19,21.00,3.40,3.04
21934386,1.9013,21.56,21.00,3.40,3.04
21934886,1.8987,21.77,21.00,3.40,3.04
21935386,1.9013,21.56,21.00,3.42,3.04
21935886,1.9000,21.67,21.00,3.42,3.04
21936395,1.9000,21.67,21.00,3.42,3.04
21936895,1.9013,21.56,21.00,3.42,3.04
21937406,1.9013,21.56,21.00,3.42,3.04
21937906,1.8975,21.87,21.00,3.42,3.04
21938406,1.9013,21.56,21.00,3.42,3.04
21938906,1.9013,21.56,21.00,3.42,3.04
21939406,1.9013,21.56,21.00,3.42,3.04
21939907,1.9013,21.56,19.75,3.42,3.04
21940406,1.9000,21.67,19.75,3.42,3.04
21940907,1.8937,22.19,19.75,3.42,3.04
21941406,1.8987,21.77,19.75,3.42,3.04
21941907,1.9013,21.56,21.25,3.42,3.04
21942406,1.9013,21.56,21.25,3.42,3.04
21942906,1.9013,21.56,21.25,3.42,3.04
21943406,1.8963,21.98,21.25,3.42,3.04
21943907,1.9013,21.56,19.00,3.42,3.04
21944406,1.8975,21.87,19.00,3.42,3.04
21944906,1.8975,21.87,19.00,3.42,3.04
21945406,1.9013,21.56,19.00,3.42,3.04
21945906,1.9013,21.56,20.75,3.42,3.04
21946406,1.9013,21.56,20.75,3.42,3.04
21946907,1.9013,21.56,20.75,3.42,3.04
21947406,1.9013,21.56,20.75,3.42,3.04
21947907,1.9013,21.56,20.75,3.42,3.04
21948406,1.8975,21.87,20.50,3.42,3.04
21948907,1.9013,21.56,20.50,3.42,3.04
21949406,1.9013,21.56,20.50,3.42,3.04
21949906,1.9013,21.56,20.50,3.42,3.04
21950406,1.9013,21.56,21.00,3.42,3.04
21950906,1.9013,21.56,21.00,3.42,3.04
21951406,1.8975,21.87,21.00,3.42,3.04
21951906,1.9013,21.56,21.00,3.42,3.04
21952406,1.8975,21.87,20.75,3.42,3.04
21952906,1.9000,21.67,20.75,3.42,3.04
21953406,1.9000,21.67,20.75,3.42,3.04
21953907,1.9013,21.56,20.75,3.42,3.04
21954406,1.9000,21.67,21.00,3.42,3.04
21954906,1.8975,21.87,21.00,3.42,3.04
21955406,1.9013,21.56,21.00,3.42,3.04
21955906,1.9013,21.56,21.00,3.42,3.04
21956406,1.9013,21.56,21.00,3.42,3.04
21956906,1.8987,21.77,20.00,3.42,3.04
21957406,1.9013,21.56,20.00,3.42,3.04
21957906,1.9013,21.56,20.00,3.42,3.04
21958406,1.9000,21.67,20.00,3.42,3.04
21958906,1.9000,21.67,20.75,3.42,3.04
21959406,1.9013,21.56,20.75,3.42,3.04
21959906,1.8975,21.87,20.75,3.40,3.04
21960406,1.9013,21.56,20.75,3.40,3.04
21960906,1.9000,21.67,21.00,3.40,3.04
21961406,1.8987,21.77,21.00,3.40,3.04
21961907,1.8975,21.87,21.00,3.42,3.04
21962406,1.9013,21.56,21.00,3.42,3.04
21962906,1.9000,21.67,21.25,3.42,3.04
21963406,1.8975,21.87,21.25,3.42,3.04
21963906,1.9013,21.56,21.25,3.42,3.04
21964406,1.9000,21.67,21.25,3.42,3.04
21964916,1.8913,22.40,20.50,3.42,3.04
21965415,1.9013,21.56,20.50,3.42,3.04
21965925,1.9000,21.67,20.50,3.42,3.04
21966424,1.8987,21.77,20.50,3.42,3.04
21966924,1.9000,21.67,20.50,3.42,3.04
21967424,1.9000,21.67,20.00,3.42,3.04
21967924,1.9013,21.56,20.00,3.42,3.04
21968424,1.9000,21.67,20.00,3.42,3.04
21968924,1.9013,21.58,20.00,3.42,3.04
21969425,1.9000,21.67,21.25,3.42,3.04
21969924,1.9013,21.56,21.25,3.42,3.04
21970425,1.9013,21.56,21.25,3.40,3.04
21970924,1.9013,21.56,21.25,3.40,3.04
21971424,1.9000,21.67,19.75,3.40,3.04
21971924,1.8975,21.87,19.75,3.40,3.04
21972424,1.9013,21.56,19.75,3.42,3.04
21972924,1.8963,21.98,19.75,3.42,3.04
21973424,1.9000,21.67,21.25,3.42,3.04
21973924,1.9013,21.56,21.25,3.42,3.04
21974425,1.8987,21.77,21.25,3.42,3.04
21974924,1.9013,21.56,21.25,3.42,3.04
21975424,1.8975,21.87,21.00,3.42,3.04
21975924,1.9013,21.56,21.00,3.42,3.04
21976425,1.9013,21.56,21.00,3.42,3.04
21976924,1.9013,21.56,21.00,3.42,3.04
21977424,1.9013,21.56,21.00,3.42,3.04
21977924,1.9013,21.56,19.75,3.42,3.04
21978425,1.8987,21.77,19.75,3.42,3.04
21978924,1.9013,21.56,19.75,3.42,3.04
21979424,1.8975,21.87,19.75,3.42,3.04
21979924,1.9000,21.67,21.25,3.42,3.04
21980424,1.9013,21.56,21.25,3.42,3.04
21980924,1.9013,21.56,21.25,3.42,3.04
21981425,1.9000,21.67,21.25,3.42,3.04
21981924,1.8963,21.98,21.25,3.42,3.04
21982424,1.9013,21.56,21.25,3.42,3.04
21982924,1.9013,21.56,21.25,3.42,3.04
21983424,1.9013,21.65,21.25,3.42,3.04
21983925,1.9013,21.56,21.00,3.42,3.04
21984424,1.9000,21.67,21.00,3.42,3.04
21984924,1.8950,22.08,21.00,3.42,3.04
21985424,1.9013,21.59,21.00,3.42,3.04
21985924,1.9000,21.67,21.25,3.42,3.04
21986438,1.9013,21.56,21.25,3.42,3.04
21986937,1.9013,21.56,21.25,3.42,3.04
21987437,1.9000,21.67,21.25,3.42,3.04
21987937,1.9000,21.67,21.25,3.42,3.04
21988437,1.9013,21.56,19.50,3.42,3.04
21988937,1.8987,21.77,19.50,3.42,3.04
21989437,1.9013,21.56,19.50,3.42,3.04
21989937,1.9013,21.56,19.50,3.42,3.04
21990437,1.9000,21.67,21.00,3.42,3.04
21990937,1.8987,21.77,21.00,3.42,3.04
21991437,1.9013,21.56,21.00,3.42,3.04
21991937,1.8975,21.87,21.00,3.42,3.04
21992437,1.9013,21.56,21.50,3.42,3.04
21992937,1.8950,22.08,21.50,3.40,3.04
21993438,1.8963,21.98,21.50,3.40,3.04
21993937,1.8975,21.87,21.50,3.40,3.04
21994437,1.9000,21.67,21.00,3.40,3.04
21994937,1.9013,21.56,21.00,3.39,3.04
21995437,1.9000,21.67,21.00,3.39,3.04
21995937,1.9000,21.67,21.00,3.39,3.04
21996437,1.9000,21.67,21.00,3.39,3.04
21996937,1.8987,21.77,21.00,3.42,3.04
21997440,1.9000,21.67,21.00,3.42,3.04
21997940,1.9013,21.57,21.00,3.42,3.04
21998440,1.9000,21.67,21.00,3.42,3.04
21998940,1.8950,22.08,19.25,3.40,3.04
21999440,1.8963,21.98,19.25,3.40,3.04
21999941,1.9013,21.56,19.25,3.40,3.04
22000440,1.9013,21.56,19.25,3.40,3.04
22000940,1.9000,21.67,21.25,3.42,3.04
22001440,1.9013,21.56,21.25,3.42,3.04
22001940,1.9013,21.56,21.25,3.42,3.04
22002440,1.8975,21.87,21.25,3.42,3.04
22002940,1.9013,21.56,21.25,3.42,3.04
22003440,1.9013,21.56,21.25,3.42,3.04
22003940,1.9013,21.56,21.25,3.42,3.04
22004440,1.8987,21.77,21.25,3.42,3.04
22004940,1.8975,21.87,21.25,3.42,3.04
22005441,1.8975,21.87,19.75,3.42,3.04
22005940,1.9013,21.56,19.75,3.42,3.04
22006440,1.9000,21.67,19.75,3.42,3.04
22006941,1.9000,21.67,19.75,3.42,3.04
22007440,1.9013,21.56,21.00,3.42,3.04
22007940,1.9013,21.56,21.00,3.42,3.04
22008440,1.9013,21.56,21.00,3.42,3.04
22008940,1.8937,22.19,21.00,3.42,3.04
22009440,1.9013,21.56,21.00,3.42,3.04
22009940,1.9013,21.56,21.00,3.42,3.04
22010440,1.9013,21.56,21.00,3.42,3.04
22010940,1.9000,21.67,21.00,3.42,3.04
22011440,1.9013,21.56,21.25,3.42,3.04
22011940,1.9013,21.56,21.25,3.42,3.04
22012440,1.9013,21.78,21.25,3.42,3.04
22012941,1.9013,21.56,21.25,3.42,3.04
22013441,1.9013,21.56,21.25,3.42,3.04
22013940,1.9000,21.67,20.00,3.42,3.04
22014440,1.9013,21.56,20.00,3.42,3.04
22014940,1.9000,21.67,20.00,3.42,3.04
22015440,1.8987,21.77,20.00,3.42,3.04
22015940,1.9000,21.67,20.50,3.42,3.04
22016440,1.8950,22.08,20.50,3.42,3.04
22016940,1.9000,21.67,20.50,3.42,3.04
22017440,1.9013,21.56,20.50,3.40,3.04
22017940,1.9013,21.56,20.75,3.40,3.04
22018440,1.9000,21.67,20.75,3.40,3.04
22018941,1.8950,22.08,20.75,3.40,3.04
22019440,1.9013,21.56,20.75,3.42,3.04
22019940,1.9013,21.56,20.75,3.42,3.04
22020440,1.8987,21.77,20.75,3.42,3.04
22020940,1.8975,21.87,20.75,3.42,3.04
22021441,1.8963,21.98,20.75,3.40,3.04
22021941,1.8987,21.77,20.00,3.40,3.04
22022440,1.9013,21.56,20.00,3.40,3.04
22022940,1.9013,21.56,20.00,3.40,3.04
22023440,1.9013,21.56,20.00,3.42,3.04
22023940,1.9013,21.56,20.00,3.42,3.04
22024440,1.9013,21.56,20.25,3.42,3.04
22024940,1.9000,21.67,20.25,3.42,3.04
22025440,1.9013,21.56,20.25,3.42,3.04
22025940,1.8987,21.77,20.25,3.42,3.04
22026440,1.9013,21.56,21.00,3.42,3.04
22026945,1.9013,21.76,21.00,3.42,3.04
22027445,1.9000,21.67,21.00,3.40,3.04
22027945,1.9013,21.56,21.00,3.40,3.04
22028445,1.9013,21.56,21.00,3.40,3.04
22028945,1.9013,21.57,21.00,3.40,3.04
22029445,1.8950,22.08,21.00,3.42,3.04
22029945,1.9013,21.56,21.00,3.42,3.04
22030445,1.9013,21.56,20.50,3.42,3.04
22030945,1.9013,21.56,20.50,3.42,3.04
22031443,1.9000,21.67,20.50,3.42,3.04
22031945,1.9013,21.56,20.50,3.42,3.04
22032445,1.9013,21.56,21.00,3.42,3.04
22032945,1.9013,21.56,21.00,3.42,3.04
22033445,1.9000,21.67,21.00,3.42,3.04
22033945,1.9000,21.67,21.00,3.42,3.04
22034445,1.8963,21.98,21.00,3.42,3.04
22034945,1.9013,21.56,20.25,3.42,3.04
22035458,1.8975,21.87,20.25,3.40,3.04
22035957,1.8975,21.87,20.25,3.40,3.04
22036457,1.8975,21.87,20.25,3.40,3.04
22036957,1.9013,21.56,21.00,3.40,3.04
22037457,1.9000,21.67,21.00,3.40,3.04
22037957,1.9013,21.56,21.00,3.42,3.04
22038457,1.9013,21.56,21.00,3.42,3.04
22038957,1.8950,22.08,20.50,3.42,3.04
22039457,1.8963,21.98,20.50,3.42,3.04
22039957,1.9000,21.67,20.50,3.40,3.04
22040457,1.9013,21.56,20.50,3.40,3.04
22040957,1.8963,21.98,21.00,3.40,3.04
22041457,1.9000,21.72,21.00,3.40,3.04
22041957,1.9000,21.67,21.00,3.42,3.04
22042457,1.9013,21.56,21.00,3.42,3.04
22042957,1.8987,21.77,21.00,3.42,3.04
22043457,1.9013,21.56,21.00,3.42,3.04
22043957,1.9013,21.56,21.00,3.42,3.04
22044457,1.9000,21.67,21.00,3.42,3.04
22044957,1.8987,21.77,21.00,3.42,3.04
22045458,1.9000,21.67,19.75,3.42,3.04
22045957,1.8963,21.98,19.75,3.42,3.04
22046457,1.8937,22.19,19.75,3.42,3.04
22046957,1.9000,21.67,19.75,3.42,3.04
22047457,1.8950,22.08,21.00,3.42,3.04
22047957,1.8950,22.08,21.00,3.40,3.04
22048457,1.8975,21.87,21.00,3.40,3.04
22048957,1.8987,21.77,21.00,3.40,3.04
22049457,1.9013,21.56,21.50,3.40,3.04
22049957,1.8975,21.87,21.50,3.42,3.04
22050457,1.9013,21.56,21.50,3.42,3.04
22050957,1.8975,21.87,21.50,3.42,3.04
22051457,1.9000,21.67,21.00,3.42,3.04
22051957,1.9013,21.56,21.00,3.42,3.04
22052457,1.9000,21.67,21.00,3.42,3.04
22052957,1.8975,21.87,21.00,3.42,3.04
22053458,1.8987,21.77,19.75,3.42,3.04
22053957,1.8975,21.87,19.75,3.40,3.04
22054457,1.9000,21.67,19.75,3.40,3.04
22054957,1.9013,21.56,19.75,3.40,3.04
22055457,1.9013,21.56,19.75,3.40,3.04
22055957,1.9000,21.67,20.00,3.42,3.04
22056457,1.8963,21.98,20.00,3.42,3.04
22056958,1.8975,21.87,20.00,3.42,3.04
22057457,1.9013,21.56,20.00,3.42,3.04
22057957,1.9013,21.56,21.25,3.42,3.04
22058461,1.9000,21.67,21.25,3.42,3.04
22058961,1.9013,21.56,21.25,3.42,3.04
22059461,1.9013,21.56,21.25,3.42,3.04
22059962,1.9013,21.56,21.00,3.42,3.04
22060461,1.9000,21.67,21.00,3.42,3.04
22060961,1.9000,21.67,21.00,3.42,3.04
22061461,1.9013,21.56,21.00,3.42,3.04
22061961,1.9013,21.56,21.00,3.42,3.04
22062461,1.9000,21.67,21.00,3.42,3.04
22062961,1.9000,21.67,21.00,3.42,3.04
22063461,1.8975,21.87,21.00,3.42,3.04
22063977,1.8987,21.77,20.50,3.42,3.04
22064477,1.9000,21.67,20.50,3.42,3.04
22064977,1.8987,21.77,20.50,3.42,3.04
22065477,1.8950,22.08,20.50,3.42,3.04
22065978,1.8987,21.77,20.50,3.42,3.04
22066477,1.8963,21.98,20.00,3.42,3.04
22066977,1.9000,21.67,20.00,3.42,3.04
22067477,1.9013,21.56,20.00,3.42,3.04
22067977,1.9013,21.56,20.00,3.42,3.04
22068477,1.9013,21.65,20.50,3.42,3.04
22068977,1.9000,21.67,20.50,3.42,3.04
22069477,1.9000,21.67,20.50,3.42,3.04
22069978,1.8963,21.98,20.50,3.42,3.04
22070478,1.9013,21.56,20.75,3.42,3.04
22070977,1.9000,21.67,20.75,3.42,3.04
22071477,1.9000,21.67,20.75,3.42,3.04
22071977,1.9000,21.67,20.75,3.42,3.04
22072477,1.9013,21.56,20.75,3.42,3.04
22072977,1.9013,21.56,21.00,3.42,3.04
22073477,1.8963,21.98,21.00,3.42,3.04
22073978,1.9013,21.56,21.00,3.42,3.04
22074477,1.9013,21.56,21.00,3.40,3.04
22074978,1.9000,21.67,21.25,3.40,3.04
22075477,1.9000,21.67,21.25,3.40,3.04
22075978,1.9013,21.56,21.25,3.40,3.04
22076477,1.9013,21.56,21.25,3.42,3.04
22076977,1.8975,21.87,20.75,3.42,3.04
22077477,1.9000,21.67,20.75,3.42,3.04
22077977,1.8925,22.29,20.75,3.42,3.04
22078477,1.8963,21.98,20.75,3.40,3.04
22078978,1.8925,22.29,21.00,3.40,3.04
22079477,1.9000,21.67,21.00,3.40,3.04
22079977,1.8975,21.87,21.00,3.40,3.04
22080477,1.9013,21.56,21.00,3.42,3.04
22080977,1.9000,21.67,20.75,3.42,3.04
22081477,1.8950,22.08,20.75,3.42,3.04
22081977,1.9000,21.67,20.75,3.42,3.04
22082477,1.8987,21.77,20.75,3.42,3.04
22082978,1.8975,21.87,20.75,3.42,3.04
22083477,1.8975,21.87,20.00,3.42,3.04
22083977,1.9013,21.56,20.00,3.42,3.04
22084478,1.9000,21.67,20.00,3.39,3.04
22084977,1.8975,22.15,20.00,3.39,3.04
22085477,1.9000,21.67,21.00,3.39,3.04
22085977,1.8963,21.98,21.00,3.39,3.04
22086477,1.8987,21.77,21.00,3.39,3.04
22086977,1.8987,21.77,21.00,3.42,3.04
22087477,1.8987,21.77,21.00,3.42,3.04
22087977,1.9000,21.67,21.00,3.42,3.04
22088477,1.9013,21.56,21.00,3.42,3.04
22088977,1.9013,21.56,21.00,3.42,3.04
22089477,1.8950,22.08,21.25,3.42,3.04
22089977,1.9000,21.67,21.25,3.42,3.04
22090477,1.8987,21.77,21.25,3.42,3.04
22090977,1.9000,21.67,21.25,3.42,3.04
22091478,1.9000,21.67,21.25,3.42,3.04
22091977,1.9013,21.56,20.00,3.42,3.04
22092477,1.9000,21.67,20.00,3.42,3.04
22092977,1.9013,21.56,20.00,3.42,3.04
22093478,1.9000,21.67,20.00,3.42,3.04
22093977,1.8963,21.98,21.25,3.42,3.04
22094477,1.9013,21.56,21.25,3.42,3.04
22094977,1.9013,21.56,21.25,3.42,3.04
22095477,1.9000,21.67,21.25,3.42,3.04
22095977,1.8975,21.87,21.00,3.42,3.04
22096477,1.9013,21.56,21.00,3.42,3.04
22096977,1.9013,21.56,21.00,3.42,3.04
22097477,1.9000,21.67,21.00,3.42,3.04
22097977,1.9013,21.56,21.25,3.42,3.04
22098477,1.9013,21.56,21.25,3.42,3.04
22098977,1.9000,21.67,21.25,3.42,3.04
22099477,1.9000,21.67,21.25,3.42,3.04
22099977,1.9013,21.56,21.25,3.42,3.04
22100478,1.9013,21.56,21.25,3.42,3.04
22100978,1.9013,21.56,21.25,3.42,3.04
22101477,1.9013,21.62,21.25,3.42,3.04
22101977,1.8987,21.77,21.25,3.42,3.04
22102477,1.8950,22.08,20.00,3.42,3.04
22102977,1.9000,21.67,20.00,3.40,3.04
22103477,1.8987,21.77,20.00,3.40,3.04
22103977,1.9013,21.56,20.00,3.40,3.04
22104477,1.9000,21.67,21.00,3.40,3.04
22104977,1.9013,21.56,21.00,3.42,3.04
22105477,1.9013,21.56,21.00,3.42,3.04
22105977,1.9013,21.56,21.00,3.42,3.04
22106477,1.9013,21.56,21.00,3.42,3.04
22107007,1.8975,21.87,21.00,3.42,3.04
22107506,1.9013,21.56,21.00,3.42,3.04
22108006,1.8975,21.87,21.00,3.42,3.04
22108506,1.8975,21.87,21.00,3.42,3.04
22109006,1.9013,21.56,21.00,3.42,3.04
22109506,1.9013,21.56,21.00,3.42,3.04
22110006,1.9013,21.86,21.00,3.42,3.04
22110506,1.9000,21.67,21.00,3.42,3.04
22111007,1.9013,21.56,20.25,3.42,3.04
22111506,1.9013,21.56,20.25,3.42,3.04
22112006,1.9013,21.61,20.25,3.42,3.04
22112506,1.9000,21.67,20.25,3.42,3.04
22113016,1.9013,21.56,21.25,3.42,3.04
22113510,1.8975,21.87,21.25,3.42,3.04
22114009,1.9013,21.56,21.25,3.42,3.04
22114510,1.9000,21.67,21.25,3.42,3.04
22115009,1.8975,21.87,21.25,3.42,3.04
22115510,1.9013,21.56,21.25,3.42,3.04
22116009,1.8987,21.77,21.25,3.42,3.04
22116509,1.9000,21.67,21.25,3.42,3.04
22117009,1.9013,21.56,21.25,3.42,3.04
22117509,1.9013,21.56,21.25,3.42,3.04
22118009,1.9000,21.67,21.25,3.42,3.04
22118509,1.9000,21.67,21.25,3.42,3.04
22119009,1.9013,21.56,21.00,3.42,3.04
22119509,1.9013,21.56,21.00,3.42,3.04
22120010,1.8987,21.77,21.00,3.42,3.04
22120509,1.9013,21.56,21.00,3.42,3.04
22121009,1.8963,21.98,21.00,3.42,3.04
22121515,1.9013,21.56,20.00,3.42,3.04
22122015,1.9013,21.56,20.00,3.42,3.04
22122515,1.9013,21.56,20.00,3.42,3.04
22123015,1.9013,21.56,20.00,3.42,3.04
22123515,1.8937,22.19,21.00,3.40,3.04
22124016,1.9000,21.67,21.00,3.40,3.04
22124515,1.8963,22.23,21.00,3.40,3.04
22125015,1.8987,21.77,21.00,3.40,3.04
22125515,1.8987,21.77,21.00,3.40,3.04
22126016,1.9013,21.56,21.00,3.40,3.04
22126515,1.9013,21.56,21.00,3.40,3.04
22127015,1.9013,21.56,21.00,3.40,3.04
22127516,1.8975,21.87,21.25,3.42,3.04
22128016,1.9013,21.56,21.25,3.42,3.04
22128515,1.9013,21.56,21.25,3.42,3.04
22129015,1.9000,21.67,21.25,3.42,3.04
22129516,1.8987,21.77,20.75,3.42,3.04
22130016,1.9000,21.67,20.75,3.42,3.04
22130515,1.9013,21.56,20.75,3.42,3.04
22131015,1.8975,21.87,20.75,3.42,3.04
22131515,1.8975,21.87,20.75,3.39,3.04
22132016,1.9013,21.56,20.00,3.39,3.04
22132515,1.9013,21.56,20.00,3.39,3.04
22133016,1.8975,21.87,20.00,3.39,3.04
22133515,1.8963,21.98,20.00,3.42,3.04
22134016,1.9013,21.56,20.75,3.42,3.04
22134515,1.9013,21.56,20.75,3.42,3.04
22135015,1.8975,21.87,20.75,3.42,3.04
22135525,1.9000,21.67,20.75,3.40,3.04
22136024,1.8975,21.87,19.50,3.40,3.04
22136524,1.9013,21.56,19.50,3.40,3.04
22137024,1.8975,21.87,19.50,3.40,3.04
22137524,1.8987,21.77,19.50,3.40,3.04
22138025,1.9013,21.56,21.25,3.42,3.04
22138524,1.9013,21.56,21.25,3.42,3.04
22139024,1.9013,21.77,21.25,3.42,3.04
22139524,1.8975,21.87,21.25,3.42,3.04
22140025,1.8975,21.87,21.00,3.40,3.04
22140524,1.9013,21.56,21.00,3.40,3.04
22141025,1.8987,21.77,21.00,3.40,3.04
22141524,1.8963,21.98,21.00,3.40,3.04
22142024,1.9013,21.56,21.00,3.42,3.04
22142524,1.8975,21.87,20.00,3.42,3.04
22143024,1.9013,21.56,20.00,3.42,3.04
22143524,1.9013,21.56,20.00,3.42,3.04
22144024,1.8987,21.77,20.00,3.42,3.04
22144524,1.9013,21.56,21.25,3.42,3.04
22145024,1.9000,21.67,21.25,3.42,3.04
22145524,1.9000,21.67,21.25,3.42,3.04
22146025,1.9013,21.56,21.25,3.42,3.04
22146524,1.8975,21.87,21.00,3.42,3.04
22147024,1.9000,21.67,21.00,3.42,3.04
22147524,1.9000,21.67,21.00,3.42,3.04
22148024,1.9013,21.56,21.00,3.42,3.04
22148524,1.9013,21.56,21.25,3.42,3.04
22149025,1.8937,22.19,21.25,3.42,3.04
22149524,1.8950,22.08,21.25,3.42,3.04
22150024,1.9013,21.56,21.25,3.39,3.04
22150524,1.9013,21.56,21.25,3.39,3.04
22151025,1.9000,21.67,21.25,3.39,3.04
22151524,1.8975,21.87,21.25,3.39,3.04
22152025,1.8925,22.29,21.25,3.42,3.04
22152524,1.8975,21.87,21.25,3.42,3.04
22153024,1.9000,21.67,20.00,3.42,3.04
22153524,1.9000,21.67,20.00,3.42,3.04
22154024,1.9013,21.56,20.00,3.39,3.04
22154524,1.8987,21.77,20.00,3.39,3.04
22155025,1.9013,21.56,21.00,3.39,3.04
22155524,1.9013,21.72,21.00,3.39,3.04
22156025,1.9000,21.67,21.00,3.42,3.04
22156524,1.9013,21.56,21.00,3.42,3.04
22157024,1.9013,21.56,21.00,3.42,3.04
22157524,1.9013,21.56,21.00,3.42,3.04
22158035,1.9000,21.67,21.00,3.42,3.04
22158534,1.9013,21.56,21.00,3.42,3.04
22159034,1.8987,21.77,21.25,3.42,3.04
22159533,1.8963,21.98,21.25,3.42,3.04
22160056,1.8975,21.87,21.25,3.42,3.04
22160556,1.9000,21.67,21.25,3.42,3.04
22161055,1.9013,21.56,21.50,3.42,3.04
22161555,1.9013,21.56,21.50,3.42,3.04
22162055,1.8975,21.87,21.50,3.42,3.04
22162555,1.9000,21.67,21.50,3.42,3.04
22163055,1.9000,21.67,21.50,3.42,3.04
22163555,1.8987,21.77,20.50,3.42,3.04
22164055,1.8987,21.60,20.50,3.42,3.04
22164555,1.9013,21.56,20.50,3.42,3.04
22165055,1.9013,21.56,20.50,3.42,3.04
22165555,1.9000,21.67,20.50,3.42,3.04
22166055,1.8950,22.08,20.50,3.42,3.04
22166555,1.8975,21.87,20.50,3.42,3.04
22167055,1.9013,21.56,20.50,3.42,3.04
22167556,1.8975,21.87,21.00,3.42,3.04
22168055,1.9013,21.56,21.00,3.42,3.04
22168555,1.8963,21.98,21.00,3.42,3.04
22169055,1.9013,21.56,21.00,3.42,3.04
22169555,1.8950,22.08,21.25,3.42,3.04
22170055,1.9000,21.67,21.25,3.42,3.04
22170555,1.9013,21.56,21.25,3.42,3.04
22171056,1.9000,21.67,21.25,3.42,3.04
22171555,1.8987,21.77,21.25,3.42,3.04
22172055,1.9013,21.56,20.75,3.42,3.04
22172555,1.9000,21.67,20.75,3.42,3.04
22173056,1.9013,21.56,20.75,3.42,3.04
22173555,1.8975,21.87,20.75,3.42,3.04
22174055,1.9013,21.56,21.25,3.42,3.04
22174556,1.8925,22.29,21.25,3.42,3.04
22175055,1.9000,21.67,21.25,3.42,3.04
22175555,1.9013,21.56,21.25,3.42,3.04
22176055,1.8987,21.77,20.75,3.42,3.04
22176556,1.8987,21.77,20.75,3.42,3.04
22177055,1.9000,21.67,20.75,3.42,3.04
22177555,1.9013,21.56,20.75,3.42,3.04
22178055,1.9000,21.67,21.00,3.42,3.04
22178555,1.9000,21.67,21.00,3.42,3.04
22179055,1.9000,21.67,21.00,3.42,3.04
22179555,1.9013,21.56,21.00,3.42,3.04
22180055,1.9013,21.56,21.25,3.42,3.04
22180556,1.8987,21.65,21.25,3.42,3.04
22181055,1.8963,21.98,21.25,3.42,3.04
22181555,1.8950,22.08,21.25,3.42,3.04
22182055,1.9013,21.56,21.25,3.42,3.04
22182556,1.9013,21.56,19.75,3.42,3.04
22183055,1.9000,21.67,19.75,3.42,3.04
22183555,1.9013,21.56,19.75,3.42,3.04
22184055,1.8987,21.77,19.75,3.42,3.04
22184555,1.9013,21.56,20.75,3.42,3.04
22185055,1.9013,21.56,20.75,3.42,3.04
22185555,1.9013,21.56,20.75,3.42,3.04
22186055,1.9013,21.56,20.75,3.42,3.04
22186558,1.9013,21.65,21.25,3.42,3.04
22187057,1.8975,21.87,21.25,3.42,3.04
22187557,1.8987,21.77,21.25,3.42,3.04
22188058,1.9013,21.56,21.25,3.42,3.04
22188557,1.8975,21.87,21.00,3.42,3.04
22189057,1.9000,21.67,21.00,3.42,3.04
22189557,1.9000,21.67,21.00,3.42,3.04
22190057,1.9013,21.56,21.00,3.42,3.04
22190557,1.9013,21.56,20.75,3.42,3.04
22191057,1.9000,21.67,20.75,3.42,3.04
22191557,1.9013,21.56,20.75,3.42,3.04
22192057,1.9013,21.56,20.75,3.42,3.04
22192557,1.9013,21.56,20.75,3.42,3.04
22193058,1.9013,21.56,19.50,3.42,3.04
22193557,1.8963,21.98,19.50,3.42,3.04
22194057,1.9013,21.56,19.50,3.42,3.04
22194557,1.8987,21.77,19.50,3.42,3.04
22195057,1.9000,21.67,21.25,3.42,3.04
22195557,1.9000,21.67,21.25,3.42,3.04
22196057,1.9013,21.56,21.25,3.42,3.04
22196557,1.9000,21.67,21.25,3.42,3.04
22197057,1.9013,21.56,21.00,3.42,3.04
22197557,1.8963,21.98,21.00,3.42,3.04
22198057,1.8987,21.77,21.00,3.42,3.04
22198557,1.9013,21.56,21.00,3.42,3.04
22199057,1.9013,21.56,21.25,3.42,3.04
22199557,1.9000,21.67,21.25,3.42,3.04
22200057,1.8975,21.87,21.25,3.42,3.04
22200557,1.9013,21.56,21.25,3.42,3.04
22201058,1.9013,21.56,21.25,3.42,3.04
22201557,1.8963,21.98,20.75,3.42,3.04
22202058,1.9013,21.56,20.75,3.42,3.04
22202557,1.9013,21.56,20.75,3.42,3.04
22203057,1.9000,21.67,20.75,3.42,3.04
22203557,1.8987,21.77,20.75,3.42,3.04
22204058,1.9013,21.56,20.75,3.42,3.04
22204557,1.9000,21.67,20.75,3.42,3.04
22205057,1.9013,21.56,20.75,3.42,3.04
22205557,1.8987,21.77,21.00,3.42,3.04
22206058,1.8975,21.87,21.00,3.42,3.04
22206557,1.9000,21.67,21.00,3.42,3.04
22207057,1.9013,21.56,21.00,3.42,3.04
22207557,1.9000,21.67,21.00,3.42,3.04
22208057,1.9013,21.56,21.00,3.42,3.04
22208557,1.9000,21.67,21.00,3.42,3.04
22209057,1.9000,21.67,21.00,3.42,3.04
22209557,1.9000,21.67,21.00,3.42,3.04
22210057,1.9000,21.67,21.00,3.42,3.04
22210557,1.9013,21.56,21.00,3.42,3.04
22211058,1.9013,21.56,21.00,3.42,3.04
22211557,1.9013,21.56,21.00,3.42,3.04
22212058,1.9000,21.67,19.75,3.42,3.04
22212557,1.8975,21.87,19.75,3.42,3.04
22213057,1.9000,21.67,19.75,3.42,3.04
22213557,1.9013,21.58,19.75,3.42,3.04
22214066,1.9000,21.67,21.25,3.42,3.04
22214565,1.9013,21.56,21.25,3.42,3.04
22215075,1.9013,21.56,21.25,3.39,3.04
22215575,1.9000,21.67,21.25,3.39,3.04
22216074,1.9000,21.67,21.25,3.39,3.04
22216575,1.8975,21.87,21.25,3.39,3.04
22217074,1.9013,21.56,21.25,3.39,3.04
22217574,1.9013,21.56,21.25,3.42,3.04
22218074,1.8987,21.77,20.75,3.42,3.04
22218575,1.8950,22.08,20.75,3.42,3.04
22219074,1.8987,21.77,20.75,3.42,3.04
22219574,1.9013,21.56,20.75,3.42,3.04
22220074,1.9000,21.67,21.00,3.42,3.04
22220574,1.8963,21.98,21.00,3.42,3.04
22221074,1.9013,21.56,21.00,3.42,3.04
22221574,1.9000,21.67,21.00,3.42,3.04
22222074,1.8987,21.77,21.00,3.42,3.04
22222574,1.9000,21.67,20.00,3.42,3.04
22223074,1.9013,21.56,20.00,3.42,3.04
22223574,1.8987,21.77,20.00,3.39,3.04
22224074,1.8963,21.70,20.00,3.39,3.04
22224574,1.9000,21.67,21.25,3.39,3.04
22225074,1.8975,21.87,21.25,3.39,3.04
22225574,1.8987,21.77,21.25,3.42,3.04
22226074,1.8963,22.01,21.25,3.42,3.04
22226575,1.8987,21.77,21.00,3.42,3.04
22227074,1.9013,21.56,21.00,3.42,3.04
22227574,1.9013,21.56,21.00,3.42,3.04
22228074,1.8963,21.98,21.00,3.42,3.04
22228575,1.8963,21.98,19.75,3.42,3.04
22229074,1.9013,21.56,19.75,3.42,3.04
22229574,1.9013,21.56,19.75,3.41,3.04
22230074,1.9013,21.56,19.75,3.41,3.04
22230574,1.9013,21.56,21.25,3.41,3.04
22231074,1.8975,21.87,21.25,3.41,3.04
22231575,1.9013,21.56,21.25,3.42,3.04
22232074,1.8987,21.77,21.25,3.42,3.04
22232574,1.8975,21.87,21.25,3.42,3.04
22233075,1.8975,21.87,19.50,3.42,3.04
22233574,1.9000,21.67,19.50,3.39,3.04
22234074,1.8950,22.08,19.50,3.39,3.04
22234574,1.8950,22.08,19.50,3.39,3.04
22235074,1.9013,21.56,21.00,3.39,3.04
22235574,1.9013,21.56,21.00,3.42,3.04
22236074,1.9013,21.56,21.00,3.42,3.04
22236574,1.8975,21.87,21.00,3.42,3.04
22237074,1.9000,21.67,21.00,3.42,3.04
22237574,1.8987,21.77,21.00,3.42,3.04
22238074,1.9013,21.56,21.00,3.42,3.04
22238574,1.9000,21.67,21.00,3.42,3.04
22239074,1.9013,21.56,20.50,3.42,3.04
22239585,1.9013,21.56,20.50,3.41,3.04
22240084,1.9013,21.56,20.50,3.41,3.04
22240584,1.9013,21.56,20.50,3.41,3.04
22241084,1.9000,21.67,21.25,3.41,3.04
22241605,1.9013,21.56,21.25,3.41,3.04
22242104,1.8950,22.08,21.25,3.41,3.04
22242604,1.9013,21.56,21.25,3.41,3.04
22243104,1.9000,21.67,21.25,3.41,3.04
22243604,1.8963,21.98,20.50,3.41,3.04
22244105,1.9000,21.67,20.50,3.42,3.04
22244604,1.9013,21.56,20.50,3.42,3.04
22245104,1.9013,21.56,20.50,3.42,3.04
22245604,1.8987,21.77,21.25,3.42,3.04
22246105,1.9013,21.56,21.25,3.39,3.04
22246604,1.8987,21.77,21.25,3.39,3.04
22247104,1.8937,22.19,21.25,3.39,3.04
22247604,1.9000,21.67,20.75,3.39,3.04
22248104,1.9000,21.67,20.75,3.42,3.04
22248604,1.8950,22.08,20.75,3.42,3.04
22249105,1.9000,21.67,20.75,3.42,3.04
22249604,1.8987,21.77,21.00,3.42,3.04
22250104,1.8975,21.87,21.00,3.42,3.04
22250604,1.8987,21.77,21.00,3.42,3.04
22251104,1.9000,21.67,21.00,3.42,3.04
22251604,1.9000,21.67,21.00,3.42,3.04
22252104,1.9013,21.56,20.00,3.42,3.04
22252604,1.9000,21.67,20.00,3.42,3.04
22253104,1.9013,21.56,20.00,3.42,3.04
22253604,1.9000,21.67,20.00,3.42,3.04
22254104,1.9013,21.56,21.25,3.42,3.04
22254604,1.9013,21.56,21.25,3.42,3.04
22255104,1.8975,21.87,21.25,3.42,3.04
22255604,1.9000,21.67,21.25,3.42,3.04
22256104,1.8975,21.87,21.00,3.42,3.04
22256604,1.9000,21.67,21.00,3.42,3.04
22257104,1.9013,21.56,21.00,3.42,3.04
22257604,1.9013,21.56,21.00,3.42,3.04
22258104,1.9013,21.56,19.75,3.41,3.04
22258605,1.9013,21.56,19.75,3.41,3.04
22259105,1.9013,21.56,19.75,3.41,3.04
22259604,1.8975,21.87,19.75,3.41,3.04
22260104,1.9013,21.56,19.75,3.41,3.04
22260604,1.9013,21.56,21.00,3.41,3.04
22261104,1.9013,21.56,21.00,3.41,3.04
22261604,1.8975,21.87,21.00,3.41,3.04
22262104,1.9000,21.67,21.00,3.39,3.04
22262604,1.8987,21.77,20.50,3.39,3.04
22263104,1.9000,21.67,20.50,3.39,3.04
22263604,1.9000,21.67,20.50,3.39,3.04
22264104,1.8987,21.77,20.50,3.41,3.04
22264604,1.9013,21.56,21.00,3.41,3.04
22265105,1.8975,21.87,21.00,3.41,3.04
22265604,1.9013,21.86,21.00,3.41,3.04
22266104,1.9000,21.67,21.00,3.42,3.04
22266604,1.8963,21.98,21.00,3.42,3.04
22267104,1.9013,21.56,21.00,3.42,3.04
22267604,1.8987,21.75,21.00,3.42,3.04
22268110,1.8937,22.19,21.00,3.41,3.04
22268609,1.8975,21.87,21.25,3.41,3.04
22269109,1.9013,21.56,21.25,3.41,3.04
22269609,1.8987,21.77,21.25,3.41,3.04
22270109,1.9013,21.56,21.25,3.41,3.04
22270609,1.9013,21.56,21.25,3.41,3.04
22271109,1.9013,21.56,19.75,3.41,3.04
22271609,1.9013,21.56,19.75,3.41,3.04
22272109,1.8975,21.87,19.75,3.41,3.04
22272609,1.9013,21.56,19.75,3.41,3.04
22273109,1.9013,21.56,21.25,3.41,3.04
22273610,1.9000,21.67,21.25,3.41,3.04
22274109,1.9013,21.56,21.25,3.41,3.04
22274609,1.9013,21.56,21.25,3.42,3.04
22275109,1.8987,21.77,20.75,3.42,3.04
22275609,1.9013,21.56,20.75,3.42,3.04
22276109,1.9000,21.67,20.75,3.42,3.04
22276610,1.9013,21.56,20.75,3.41,3.04
22277109,1.9000,21.67,21.00,3.41,3.04
22277609,1.8987,21.77,21.00,3.41,3.04
22278109,1.8950,22.08,21.00,3.41,3.04
22278609,1.8987,21.77,21.00,3.41,3.04
22279109,1.9013,21.56,21.25,3.41,3.04
22279609,1.9013,21.56,21.25,3.41,3.04
22280109,1.9000,21.67,21.25,3.41,3.04
22280610,1.9013,21.56,21.25,3.41,3.04
22281109,1.8975,21.87,21.25,3.41,3.04
22281609,1.9013,21.56,19.50,3.41,3.04
22282109,1.9013,21.56,19.50,3.41,3.04
22282609,1.9000,21.67,19.50,3.42,3.04
22283109,1.8987,21.77,19.50,3.42,3.04
22283609,1.9013,21.56,21.00,3.42,3.04
22284109,1.9000,21.67,21.00,3.42,3.04
22284609,1.8975,21.87,21.00,3.39,3.04
22285109,1.9013,21.56,21.00,3.39,3.04
22285609,1.9013,21.56,21.00,3.39,3.04
22286109,1.8975,21.87,21.00,3.39,3.04
22286609,1.8987,21.77,21.00,3.41,3.04
22287109,1.8975,21.87,21.00,3.41,3.04
22287607,1.8987,21.77,21.00,3.41,3.04
22288109,1.9013,21.56,21.00,3.41,3.04
22288609,1.8975,21.87,21.00,3.41,3.04
22289109,1.9013,21.56,21.00,3.41,3.04
22289610,1.9013,21.56,19.25,3.41,3.04
22290109,1.9013,21.56,19.25,3.41,3.04
22290609,1.9000,21.67,19.25,3.41,3.04
22291110,1.8950,22.08,19.25,3.41,3.04
22291609,1.9013,21.56,19.25,3.41,3.04
22292109,1.9000,21.67,19.75,3.41,3.04
22292609,1.8937,22.19,19.75,3.41,3.04
22293110,1.9000,21.67,19.75,3.41,3.04
22293610,1.8987,21.77,19.75,3.41,3.04
22294109,1.9000,21.67,20.50,3.41,3.04
22294609,1.9000,21.67,20.50,3.41,3.04
22295109,1.9000,21.67,20.50,3.41,3.04
22295617,1.9013,21.56,20.50,3.41,3.04
22296118,1.9013,21.56,21.25,3.41,3.04
22296627,1.9013,21.66,21.25,3.41,3.04
22297127,1.8975,21.87,21.25,3.41,3.04
22297626,1.9000,21.67,21.25,3.41,3.04
22298126,1.8975,21.87,20.75,3.41,3.04
22298626,1.8987,21.77,20.75,3.41,3.04
22299127,1.8987,21.77,20.75,3.41,3.04
22299626,1.9013,21.56,20.75,3.41,3.04
22300127,1.9000,21.67,21.25,3.41,3.04
22300626,1.9013,21.56,21.25,3.41,3.04
22301126,1.9013,21.56,21.25,3.41,3.04
22301626,1.9013,21.56,21.25,3.41,3.04
22302126,1.9013,21.56,21.25,3.41,3.04
22302626,1.9013,21.56,19.75,3.41,3.04
22303127,1.9000,21.67,19.75,3.41,3.04
22303626,1.8963,21.98,19.75,3.41,3.04
22304126,1.8937,22.19,19.75,3.41,3.04
22304626,1.9013,21.56,21.00,3.41,3.04
22305127,1.9000,21.67,21.00,3.41,3.04
22305626,1.9000,21.67,21.00,3.41,3.04
22306126,1.9013,21.56,21.00,3.41,3.04
22306626,1.9000,21.67,20.75,3.41,3.04
22307127,1.9000,21.67,20.75,3.39,3.04
22307626,1.9000,21.67,20.75,3.39,3.04
22308127,1.9000,21.67,20.75,3.39,3.04
22308627,1.9000,21.67,20.75,3.39,3.04
22309126,1.9000,21.67,20.75,3.42,3.04
22309626,1.8963,21.98,20.75,3.42,3.04
22310127,1.9013,21.56,20.75,3.42,3.04
22310626,1.9013,21.56,21.00,3.42,3.04
22311127,1.9013,21.58,21.00,3.41,3.04
22311626,1.9000,21.67,21.00,3.41,3.04
22312127,1.9013,21.56,21.00,3.41,3.04
22312626,1.9013,21.56,21.00,3.41,3.04
22313126,1.9013,21.56,19.75,3.41,3.04
22313626,1.9000,21.67,19.75,3.41,3.04
22314126,1.9013,21.56,19.75,3.41,3.04
22314626,1.9013,21.56,19.75,3.41,3.04
22315127,1.9000,21.67,20.75,3.41,3.04
22315626,1.8975,21.87,20.75,3.41,3.04
22316126,1.8975,21.87,20.75,3.41,3.04
22316626,1.9013,21.56,20.75,3.41,3.04
22317127,1.9013,21.56,21.25,3.41,3.04
22317626,1.9000,21.67,21.25,3.41,3.04
22318126,1.9000,21.67,21.25,3.41,3.04
22318626,1.9013,21.56,21.25,3.41,3.04
22319127,1.9000,21.67,19.75,3.41,3.04
22319626,1.9000,21.67,19.75,3.41,3.04
22320126,1.9000,21.67,19.75,3.41,3.04
22320626,1.9013,21.56,19.75,3.41,3.04
22321127,1.8975,21.87,19.75,3.39,3.04
22321626,1.8975,21.87,20.00,3.39,3.04
22322126,1.8975,21.87,20.00,3.39,3.04
22322626,1.9013,21.56,20.00,3.39,3.04
22323126,1.9013,21.56,20.00,3.41,3.04
22323626,1.9000,21.67,20.75,3.41,3.04
22324137,1.9000,21.67,20.75,3.41,3.04
22324636,1.9000,21.67,20.75,3.41,3.04
22325146,1.9013,21.56,20.75,3.41,3.04
22325645,1.9013,21.56,21.25,3.41,3.04
22326145,1.9000,21.67,21.25,3.41,3.04
22326645,1.8987,21.77,21.25,3.41,3.04
22327145,1.9000,21.67,21.25,3.41,3.04
22327645,1.9013,21.56,21.00,3.41,3.04
22328145,1.8975,21.87,21.00,3.41,3.04
22328646,1.8963,21.98,21.00,3.41,3.04
22329145,1.9000,21.67,21.00,3.41,3.04
22329645,1.9013,21.56,21.25,3.40,3.04
22330145,1.9000,21.67,21.25,3.40,3.04
22330645,1.8975,21.87,21.25,3.40,3.04
22331145,1.9000,21.67,21.25,3.40,3.04
22331645,1.9000,21.67,21.25,3.41,3.04
22332145,1.9000,21.67,19.75,3.41,3.04
22332645,1.9000,21.67,19.75,3.41,3.04
22333145,1.9000,21.67,19.75,3.41,3.04
22333645,1.9000,21.67,19.75,3.41,3.04
22334145,1.9000,21.67,20.75,3.41,3.04
22334645,1.9000,21.67,20.75,3.41,3.04
22335145,1.8975,21.87,20.75,3.41,3.04
22335645,1.9013,21.56,20.75,3.41,3.04
22336145,1.9000,21.67,21.25,3.41,3.04
22336645,1.9000,21.67,21.25,3.41,3.04
22337145,1.9000,21.67,21.25,3.41,3.04
22337645,1.9000,21.67,21.25,3.41,3.04
22338146,1.9013,21.73,21.25,3.41,3.04
22338646,1.9000,21.67,21.25,3.41,3.04
22339146,1.9000,21.67,21.25,3.41,3.04
22339645,1.9013,21.56,21.25,3.41,3.04
22340145,1.9013,21.56,21.00,3.41,3.04
22340645,1.9000,21.67,21.00,3.41,3.04
22341145,1.8975,21.87,21.00,3.41,3.04
22341645,1.9013,21.56,21.00,3.41,3.04
22342145,1.9013,21.56,21.00,3.41,3.04
22342645,1.9000,21.67,19.75,3.41,3.04
22343145,1.9000,21.67,19.75,3.41,3.04
22343646,1.9013,21.56,19.75,3.41,3.04
22344145,1.8975,21.87,19.75,3.41,3.04
22344645,1.8987,21.77,21.50,3.41,3.04
22345145,1.8987,21.77,21.50,3.41,3.04
22345646,1.9013,21.56,21.50,3.41,3.04
22346145,1.9013,21.56,21.50,3.41,3.04
22346645,1.9000,21.67,21.00,3.41,3.04
22347145,1.9000,21.67,21.00,3.41,3.04
22347645,1.8950,22.08,21.00,3.41,3.04
22348145,1.9000,21.67,21.00,3.41,3.04
22348645,1.9000,21.67,21.25,3.41,3.04
22349145,1.9000,21.67,21.25,3.41,3.04
22349647,1.9013,21.56,21.25,3.41,3.04
22350147,1.9013,21.56,21.25,3.41,3.04
22350646,1.8963,21.98,20.75,3.41,3.04
22351146,1.9000,21.67,20.75,3.41,3.04
22351646,1.8975,21.87,20.75,3.41,3.04
22352146,1.8987,21.77,20.75,3.41,3.04
22352646,1.9000,21.67,20.75,3.41,3.04
22353147,1.9000,21.67,19.50,3.41,3.04
22353646,1.8937,22.19,19.50,3.41,3.04
22354146,1.9000,21.67,19.50,3.41,3.04
22354646,1.9000,21.67,19.50,3.41,3.04
22355146,1.9000,21.67,20.00,3.41,3.04
22355647,1.8975,21.87,20.00,3.41,3.04
22356146,1.8963,21.98,20.00,3.39,3.04
22356646,1.9013,21.56,20.00,3.39,3.04
22357146,1.9000,21.67,21.00,3.39,3.04
22357646,1.9000,21.67,21.00,3.39,3.04
22358147,1.9013,21.56,21.00,3.41,3.04
22358646,1.9013,21.56,21.00,3.41,3.04
22359146,1.9000,21.67,21.25,3.41,3.04
22359646,1.9000,21.67,21.25,3.41,3.04
22360146,1.8987,21.77,21.25,3.41,3.04
22360646,1.9013,21.56,21.25,3.41,3.04
22361146,1.9000,21.67,21.25,3.41,3.04
22361646,1.9013,21.56,21.25,3.41,3.04
22362146,1.9000,21.67,21.25,3.41,3.04
22362646,1.8963,21.98,21.25,3.41,3.04
22363146,1.8925,22.29,21.25,3.41,3.04
22363646,1.9000,21.67,20.00,3.41,3.04
22364146,1.8987,21.77,20.00,3.41,3.04
22364646,1.9013,21.56,20.00,3.41,3.04
22365147,1.9000,21.67,20.00,3.41,3.04
22365646,1.9000,21.67,21.00,3.41,3.04
22366146,1.8975,21.87,21.00,3.41,3.04
22366646,1.8963,21.98,21.00,3.41,3.04
22367146,1.8963,21.98,21.00,3.41,3.04
22367646,1.9000,21.67,20.75,3.41,3.04
22368146,1.9013,21.56,20.75,3.41,3.04
22368646,1.9013,21.56,20.75,3.41,3.04
22369146,1.8963,21.98,20.75,3.41,3.04
22369646,1.8987,21.77,21.25,3.41,3.04
22370146,1.9013,21.56,21.25,3.41,3.04
22370646,1.9013,21.56,21.25,3.41,3.04
22371146,1.9000,21.67,21.25,3.41,3.04
22371646,1.9000,21.67,21.25,3.41,3.04
22372146,1.9000,21.67,21.25,3.41,3.04
22372647,1.8987,21.77,21.25,3.41,3.04
22373146,1.8950,22.08,21.25,3.41,3.04
22373646,1.9000,21.67,21.25,3.41,3.04
22374147,1.9000,21.67,20.25,3.41,3.04
22374646,1.9013,21.56,20.25,3.41,3.04
22375146,1.9000,21.67,20.25,3.41,3.04
22375646,1.8963,21.98,20.25,3.41,3.04
22376146,1.9000,21.67,21.00,3.41,3.04
22376646,1.9013,21.56,21.00,3.41,3.04
22377155,1.9000,21.67,21.00,3.41,3.04
22377654,1.9000,21.67,21.00,3.41,3.04
22378166,1.8987,21.77,21.50,3.41,3.04
22378665,1.8937,22.19,21.50,3.41,3.04
22379165,1.8987,21.77,21.50,3.41,3.04
22379665,1.9000,21.67,21.50,3.41,3.04
22380165,1.9000,21.67,21.50,3.41,3.04
22380666,1.9013,21.56,21.50,3.41,3.04
22381165,1.9000,21.67,21.50,3.41,3.04
22381665,1.9000,21.82,21.50,3.41,3.04
22382165,1.8925,22.29,21.25,3.41,3.04
22382666,1.8963,21.98,21.25,3.39,3.04
22383165,1.9000,21.67,21.25,3.39,3.04
22383666,1.9013,21.56,21.25,3.39,3.04
22384165,1.9000,21.67,21.25,3.39,3.04
22384666,1.9000,21.67,20.00,3.41,3.04
22385165,1.8987,21.77,20.00,3.41,3.04
22385665,1.8975,21.87,20.00,3.41,3.04
22386165,1.9000,21.67,20.00,3.41,3.04
22386665,1.9000,21.67,21.00,3.41,3.04
22387165,1.9000,21.67,21.00,3.41,3.04
22387665,1.8987,21.77,21.00,3.41,3.04
22388165,1.8963,21.98,21.00,3.41,3.04
22388665,1.9000,21.67,21.25,3.41,3.04
22389165,1.8975,21.87,21.25,3.41,3.04
22389665,1.9013,21.56,21.25,3.41,3.04
22390165,1.9000,21.67,21.25,3.41,3.04
22390665,1.9000,21.67,20.75,3.39,3.04
22391166,1.8975,21.87,20.75,3.39,3.04
22391666,1.9013,21.56,20.75,3.39,3.04
22392165,1.9000,21.67,20.75,3.39,3.04
22392666,1.9013,21.56,20.75,3.41,3.04
22393165,1.9000,21.67,21.00,3.41,3.04
22393665,1.9000,21.67,21.00,3.41,3.04
22394165,1.8975,21.87,21.00,3.41,3.04
22394665,1.8950,22.08,21.00,3.39,3.04
22395165,1.9000,21.67,21.00,3.39,3.04
22395666,1.8975,21.87,21.00,3.39,3.04
22396165,1.8975,21.87,21.00,3.39,3.04
22396665,1.8975,21.87,21.00,3.41,3.04
22397165,1.9000,21.67,20.75,3.41,3.04
22397665,1.9000,21.67,20.75,3.41,3.04
22398165,1.9013,21.62,20.75,3.41,3.04
22398666,1.9000,21.67,20.75,3.41,3.04
22399165,1.9000,21.67,21.00,3.41,3.04
22399665,1.8925,22.29,21.00,3.41,3.04
22400165,1.8975,21.87,21.00,3.41,3.04
22400665,1.8963,21.98,21.00,3.41,3.04
22401165,1.9000,21.67,21.00,3.41,3.04
22401665,1.8975,21.87,21.00,3.41,3.04
22402165,1.9000,21.67,21.00,3.41,3.04
22402666,1.9000,21.67,21.00,3.41,3.04
22403165,1.9000,21.67,21.00,3.41,3.04
22403666,1.8975,21.87,20.00,3.41,3.04
22404166,1.8975,21.87,20.00,3.41,3.04
22404665,1.9000,21.67,20.00,3.41,3.04
22405165,1.9000,21.67,20.00,3.41,3.04
22405674,1.8975,21.87,21.00,3.41,3.04
22406173,1.8950,22.08,21.00,3.41,3.04
22406685,1.9000,21.67,21.00,3.41,3.04
22407185,1.8963,21.98,21.00,3.41,3.04
22407684,1.9000,21.67,20.75,3.41,3.04
22408184,1.8950,22.08,20.75,3.41,3.04
22408684,1.9000,21.67,20.75,3.41,3.04
22409185,1.9000,21.67,20.75,3.41,3.04
22409684,1.9013,21.56,21.00,3.41,3.04
22410184,1.9000,21.67,21.00,3.41,3.04
22410684,1.9000,21.67,21.00,3.41,3.04
22411184,1.8975,21.87,21.00,3.41,3.04
22411684,1.9000,21.67,21.00,3.41,3.04
22412184,1.8975,21.87,19.75,3.41,3.04
22412684,1.9013,21.56,19.75,3.41,3.04
22413185,1.8937,22.19,19.75,3.39,3.04
22413684,1.8975,21.87,19.75,3.39,3.04
22414184,1.9000,21.67,21.00,3.39,3.04
22414684,1.9013,21.56,21.00,3.39,3.04
22415184,1.8937,22.19,21.00,3.41,3.04
22415683,1.8975,21.87,21.00,3.41,3.04
22416185,1.9000,21.67,21.25,3.41,3.04
22416684,1.9000,21.67,21.25,3.41,3.04
22417184,1.9000,21.67,21.25,3.41,3.04
22417684,1.9000,21.67,21.25,3.41,3.04
22418184,1.9000,21.67,20.25,3.41,3.04
22418684,1.9013,21.56,20.25,3.41,3.04
22419184,1.9000,21.67,20.25,3.39,3.04
22419684,1.8963,21.98,20.25,3.39,3.04
22420184,1.9013,21.56,21.25,3.39,3.04
22420684,1.9000,21.67,21.25,3.39,3.04
22421184,1.9000,21.67,21.25,3.41,3.04
22421684,1.8987,21.77,21.25,3.41,3.04
22422184,1.9000,21.67,21.25,3.41,3.04
22422684,1.8987,21.77,19.50,3.41,3.04
22423184,1.9000,21.67,19.50,3.39,3.04
22423684,1.8950,22.08,19.50,3.39,3.04
22424184,1.8987,21.77,19.50,3.39,3.04
22424684,1.9000,21.67,20.75,3.39,3.04
22425184,1.8975,21.87,20.75,3.41,3.04
22425684,1.9000,21.67,20.75,3.41,3.04
22426184,1.8975,21.87,20.75,3.41,3.04
22426684,1.8925,22.29,21.00,3.41,3.04
22427184,1.9000,21.74,21.00,3.41,3.04
22427684,1.9000,21.67,21.00,3.41,3.04
22428185,1.8975,21.87,21.00,3.41,3.04
22428684,1.8963,21.98,21.00,3.41,3.04
22429185,1.9000,21.67,20.50,3.41,3.04
22429684,1.9000,21.67,20.50,3.41,3.04
22430184,1.9000,21.67,20.50,3.41,3.04
22430684,1.9013,21.56,20.50,3.41,3.04
22431188,1.9000,21.86,21.00,3.41,3.04
22431687,1.9000,21.67,21.00,3.41,3.04
22432187,1.8963,21.98,21.00,3.41,3.04
22432687,1.9000,21.67,21.00,3.41,3.04
22433187,1.8987,21.77,21.25,3.41,3.04
22433687,1.8975,21.87,21.25,3.41,3.04
22434187,1.8987,21.77,21.25,3.41,3.04
22434687,1.8963,21.98,21.25,3.41,3.04
22435187,1.9013,21.56,21.25,3.41,3.04
22435688,1.8963,21.98,21.25,3.41,3.04
22436187,1.9000,21.67,21.25,3.41,3.04
22436687,1.9013,21.56,21.25,3.41,3.04
22437187,1.8987,21.77,21.25,3.41,3.04
22437687,1.8975,21.87,20.00,3.39,3.04
22438187,1.9000,21.67,20.00,3.39,3.04
22438687,1.8975,21.87,20.00,3.39,3.04
22439187,1.9000,21.67,20.00,3.39,3.04
22439688,1.9000,21.67,21.25,3.41,3.04
22440187,1.8963,21.98,21.25,3.41,3.04
22440687,1.9000,21.67,21.25,3.41,3.04
22441187,1.8987,21.77,21.25,3.41,3.04
22441687,1.9000,21.94,19.75,3.41,3.04
22442187,1.9000,21.67,19.75,3.41,3.04
22442687,1.9000,21.67,19.75,3.41,3.04
22443187,1.9000,21.67,19.75,3.41,3.04
22443687,1.9013,21.56,20.75,3.41,3.04
22444187,1.8987,21.77,20.75,3.41,3.04
22444687,1.8950,22.08,20.75,3.41,3.04
22445187,1.9000,21.67,20.75,3.41,3.04
22445688,1.9013,21.56,20.75,3.41,3.04
22446187,1.8975,21.87,21.25,3.41,3.04
22446688,1.8987,21.77,21.25,3.41,3.04
22447188,1.9000,21.67,21.25,3.41,3.04
22447687,1.9000,21.67,21.25,3.41,3.04
22448187,1.8963,21.98,20.50,3.41,3.04
22448687,1.9000,21.67,20.50,3.41,3.04
22449187,1.9000,21.67,20.50,3.41,3.04
22449687,1.9000,21.67,20.50,3.41,3.04
22450187,1.9000,21.67,21.25,3.41,3.04
22450687,1.9000,21.67,21.25,3.41,3.04
22451188,1.8975,21.87,21.25,3.41,3.04
22451687,1.9013,21.56,21.25,3.41,3.04
22452187,1.9000,21.67,21.00,3.41,3.04
22452687,1.9000,21.67,21.00,3.41,3.04
22453187,1.9013,21.56,21.00,3.41,3.04
22453702,1.9000,21.67,21.00,3.39,3.04
22454201,1.9013,21.90,21.00,3.39,3.04
22454701,1.9000,21.67,21.00,3.39,3.04
22455201,1.9000,21.67,21.00,3.39,3.04
22455701,1.9013,21.56,21.00,3.39,3.04
22456201,1.9000,21.67,21.00,3.41,3.04
22456701,1.9000,21.67,19.75,3.41,3.04
22457201,1.8975,21.87,19.75,3.41,3.04
22457702,1.9000,21.67,19.75,3.41,3.04
22458201,1.9000,21.67,19.75,3.41,3.04
22458701,1.9000,21.67,21.00,3.41,3.04
22459201,1.8937,22.19,21.00,3.41,3.04
22459701,1.9000,21.67,21.00,3.41,3.04
22460201,1.9013,21.56,21.00,3.41,3.04
22460701,1.8963,21.98,21.25,3.41,3.04
22461201,1.9000,21.67,21.25,3.41,3.04
22461701,1.8975,21.87,21.25,3.41,3.04
22462201,1.9013,21.56,21.25,3.41,3.04
22462701,1.9000,21.67,21.25,3.41,3.04
22463201,1.8963,21.98,21.25,3.41,3.04
22463702,1.8963,21.98,21.25,3.41,3.04
22464201,1.8925,22.29,21.25,3.39,3.04
22464705,1.8987,21.77,21.00,3.39,3.04
22465204,1.9000,21.67,21.00,3.39,3.04
22465704,1.9000,21.67,21.00,3.39,3.04
22466204,1.9013,21.56,21.00,3.41,3.04
22466704,1.8963,21.98,21.00,3.41,3.04
22467204,1.8950,22.08,20.00,3.41,3.04
22467704,1.9000,21.67,20.00,3.41,3.04
22468204,1.9000,21.67,20.00,3.41,3.04
22468704,1.8975,21.87,20.00,3.41,3.04
22469204,1.9000,21.67,19.75,3.41,3.04
22469704,1.8963,21.98,19.75,3.41,3.04
22470205,1.9000,21.67,19.75,3.41,3.04
22470704,1.8975,21.79,19.75,3.41,3.04
22471204,1.9000,21.67,21.00,3.41,3.04
22471704,1.9000,21.67,21.00,3.41,3.04
22472205,1.9000,21.67,21.00,3.41,3.04
22472704,1.9013,21.56,21.00,3.41,3.04
22473204,1.8900,22.50,21.00,3.41,3.04
22473704,1.9013,21.56,21.00,3.41,3.04
22474204,1.9000,21.67,21.00,3.41,3.04
22474704,1.9000,21.67,21.00,3.41,3.04
22475204,1.9000,21.67,21.25,3.41,3.04
22475704,1.9000,21.67,21.25,3.41,3.04
22476205,1.8987,21.77,21.25,3.39,3.04
22476704,1.9013,21.56,21.25,3.39,3.04
22477204,1.9000,21.67,21.25,3.39,3.04
22477704,1.9000,21.67,19.75,3.39,3.04
22478205,1.9013,21.56,19.75,3.41,3.04
22478704,1.9013,21.56,19.75,3.41,3.04
22479204,1.8963,21.98,19.75,3.41,3.04
22479704,1.9000,21.67,21.25,3.41,3.04
22480204,1.8987,21.77,21.25,3.41,3.04
22480704,1.9000,21.67,21.25,3.41,3.04
22481205,1.9000,21.67,21.25,3.41,3.04
22481704,1.9000,21.67,21.25,3.41,3.04
22482229,1.8987,21.77,21.25,3.41,3.04
22482728,1.8963,21.98,21.25,3.41,3.04
22483229,1.8987,21.77,21.25,3.41,3.04
22483728,1.9000,21.67,21.25,3.41,3.04
22484228,1.8975,21.87,21.25,3.41,3.04
22484728,1.9000,21.67,21.25,3.41,3.04
22485229,1.9000,21.67,21.25,3.41,3.04
22485728,1.8975,21.87,21.00,3.41,3.04
22486228,1.9013,21.56,21.00,3.41,3.04
22486728,1.8987,21.77,21.00,3.41,3.04
22487228,1.9000,21.67,21.00,3.41,3.04
22487728,1.8975,21.87,21.00,3.41,3.04
22488229,1.9000,21.67,20.25,3.41,3.04
22488728,1.8987,21.77,20.25,3.41,3.04
22489228,1.9000,21.67,20.25,3.41,3.04
22489728,1.9000,21.67,20.25,3.41,3.04
22490229,1.8975,21.87,21.25,3.41,3.04
22490729,1.8987,21.77,21.25,3.41,3.04
22491229,1.8987,21.77,21.25,3.41,3.04
22491729,1.8963,21.98,21.25,3.41,3.04
